2 0.8302754084269205 0.9345557883933739 0.049524688720703126 0.1308884232132523
1 0.7207959493001304 0.5306957668728298 0.033211835225423175 0.08745128490306713
1 0.6013819376627604 0.6985724555121529 0.038411649068196614 0.07650604248046874
1 0.22486103375752767 0.3992200498227719 0.026990477244059244 0.07888452035409432
1 0.4303096453348796 0.4845919008608218 0.03168646494547526 0.08139128508391204
1 0.170363442103068 0.2983534918891059 0.02077404657999675 0.06546529134114583
1 0.6065700531005859 0.34484298140914355 0.026173782348632813 0.06413989596896702
1 0.21509790420532224 0.6813128436053241 0.02570263544718425 0.10966870343243634
1 0.5330925623575846 0.49741764775028935 0.029965686798095702 0.07890054208260995
1 0.7356856028238932 0.3729639689127604 0.019943428039550782 0.06888910929361979
1 0.6847515106201172 0.4038404676649306 0.025363731384277343 0.05908723054108797
1 0.5402483622233073 0.5998202853732638 0.032888603210449216 0.09345177544487847
2 0.6640394846598308 0.45449976038049766 0.022834904988606772 0.07289352416992187
1 0.6008631388346354 0.7632628264250578 0.04289042154947917 0.09858409740306713
2 0.12770837942759197 0.19518333717628764 0.018091726303100585 0.05563557942708333
2 0.12721856435139975 0.18432817812319155 0.017064412434895832 0.08031953882288051
0 0.5539124095053701 0.6330000343814862 0.00953552821183429 0.014996044367328877
