1 0.908648681640625 0.7792909975405093 0.03454424540201823 0.1237158316153067
1 0.5311184883117676 0.5765833536783854 0.027535947163899743 0.11176441333912036
1 0.7227738698323567 0.43592707316080725 0.03376337687174479 0.09606057626229746
1 0.630690638224284 0.47377618860315396 0.026881726582845055 0.10160985876012733
1 0.701647122701009 0.24391699896918403 0.024993769327799478 0.07698512607150608
1 0.7053904215494792 0.18015279416684749 0.026032956441243493 0.07060544049298322
1 0.1695222536722819 0.6225951018156829 0.02880160013834636 0.12016629819516782
1 0.33956228892008467 0.3667456167715567 0.02527608871459961 0.09602813720703125
2 0.7642379760742187 0.10475773281521267 0.01851622263590495 0.06924093740957754
0 0.3756112098693848 0.40632360952871815 0.008978144327799479 0.01610028302228009
