1 0.2381693998972575 0.6299830118815104 0.027608648935953776 0.0902263500072338
1 0.27198740641276037 0.4847219961660879 0.02468274434407552 0.07530362164532697
1 0.660314687093099 0.8144217031973379 0.037473233540852864 0.1078210336190683
1 0.7884344736735026 0.8116924144603588 0.03216571807861328 0.10421001293041086
1 0.765811538696289 0.5705560754846644 0.027280616760253906 0.08600899025245949
1 0.658351453145345 0.5693055894639758 0.02131996154785156 0.07680008499710649
1 0.17359275817871095 0.5866078694661458 0.027911297480265298 0.0899263170030382
1 0.3359367370605469 0.3857165866427951 0.017601871490478517 0.06306251243308739
1 0.6843465169270833 0.4169846428765191 0.01753406524658203 0.06366119384765626
1 0.8657625834147135 0.2945224338107639 0.01646270751953125 0.0534663165057147
1 0.8866549173990886 0.36082040292245365 0.01569957733154297 0.058921616165726276
1 0.669113794962565 0.2917497988100405 0.01708532969156901 0.049707765932436344
2 0.7760106404622396 0.18653787683557582 0.013839530944824218 0.042933810198748555
