1 0.7428307851155599 0.6277164035373264 0.05514335632324219 0.24549374050564235
1 0.22372838656107583 0.6282003332067418 0.04891258875528972 0.2459136962890625
1 0.8180170059204102 0.641208337854456 0.051283009847005206 0.24498963532624424
1 0.8724816640218098 0.6342764395254629 0.060884157816569 0.2114118222837095
1 0.2925299326578776 0.628941966869213 0.054009469350179036 0.23626160798249424
1 0.16415364937212482 0.6297198260271994 0.04602529852645193 0.2697518242730037
1 0.6790318806966147 0.6288929126880788 0.05046857198079427 0.23225250244140624
1 0.3806216557820638 0.6263766253436053 0.05127293268839519 0.23221514666521992
1 0.48968856619588974 0.6178290569057505 0.05432055791219075 0.24025980631510413
1 0.38229592641194654 0.704205322265625 0.025881799062093102 0.08168781421802664
1 0.5145440251572327 0.6268343815513626 0.022798742138364716 0.25017470300489164
1 0.64937106918239 0.6191474493361286 0.11792452830188686 0.18169112508735152
1 0.184748427672956 0.6303284416491963 0.031446540880503165 0.26834381551362674
1 0.1403301886792453 0.6247379454926625 0.043238993710691814 0.23200559049615663
1 0.013757861635220105 0.6317260656883296 0.027515723270440197 0.27393431167016064
