1 0.019812887907028197 0.6430119267216434 0.030947792530059814 0.09849491825810185
1 0.6843292872111002 0.5804744014033565 0.03057352701822917 0.08991608796296297
1 0.679673385620117 0.3600025318287037 0.027346674601236978 0.07361390855577257
1 0.29221477508544924 0.3730334811740451 0.02022829055786133 0.06916320235640915
1 0.133272918065389 0.5627851132993344 0.02656599680582682 0.08487266257957175
1 0.3360149383544922 0.263993807192202 0.019406604766845702 0.06196639449508102
1 0.29605690638224286 0.4533505475079571 0.02005704243977864 0.0724814803512008
1 0.5290307680765787 0.581427906177662 0.02310136159261068 0.08462840892650463
2 0.09935669898986815 0.41284555505823206 0.023649748166402182 0.07819547299985533
1 0.21650911966959638 0.765200862178096 0.02914767265319824 0.11121170609085648
1 0.7536891937255858 0.5612299036096643 0.027279345194498695 0.08966974329065394
1 0.5069500605265299 0.3191666214554398 0.017639573415120444 0.06548563639322917
1 0.27627741495768227 0.27597774929470487 0.01779619852701823 0.05467803389937789
1 0.05420042276382446 0.5972319991500289 0.025896906852722168 0.09036876537181714
1 0.47219769159952796 0.3136503714102286 0.01753393809000651 0.06863149007161458
1 0.5287688255310058 0.3973048739963108 0.015175056457519532 0.07640618218315973
1 0.5211689631144205 0.3869459364149306 0.015506299336751302 0.0756368566442419
0 0.7555442709288265 0.5975128733890959 0.008298476801891325 0.013885033080288664
