1 0.3552770722587153 0.8063748896163632 0.18027397071790355 0.3872501642532397
1 0.5933327692859581 0.8284499748864428 0.14224815368652288 0.3431000502271138
1 0.8362056072403051 0.8501014661489047 0.10896387400117273 0.2942695431072838
1 0.5464391288517403 0.8396518464691569 0.083479011583628 0.3206963070616862
2 0.11169590680104383 0.8813329881925328 0.07158344331777325 0.2373340236149337
0 0.5703616352201258 0.12858141160027953 0.03223270440251579 0.05031446540880504
1 0.9862421383647799 0.8846960167714886 0.027515723270440304 0.206848357791754
1 0.8117138364779873 0.7749825296995105 0.046383647798742086 0.1467505241090146
1 0.7755503144654088 0.8637316561844856 0.051100628930817855 0.2683438155136267
1 0.6371855345911931 0.7456324248777082 0.03694968553459098 0.13277428371767966
1 0.20754716981132085 0.8319357092941996 0.07232704402515727 0.3361285814116
1 0.2739779874213836 0.861984626135569 0.10613207547169806 0.2760307477288607
1 0.1332547169811319 0.8850454227812702 0.10613207547169798 0.22990915443745505
