1 0.5406058629353842 0.7367290355541088 0.02929751078287761 0.10514916314019099
1 0.6603446324666341 0.6625584355107059 0.0335699717203776 0.1019834730360243
1 0.8511539459228515 0.8335493864836516 0.030217107137044272 0.11479469581886574
1 0.674237569173177 0.3739959716796875 0.02497564951578776 0.07165657326027199
1 0.4820338249206543 0.545329906322338 0.024953651428222656 0.0910893758138021
1 0.5519440968831381 0.5978598700629341 0.02844537099202474 0.08961170337818287
2 0.8475051879882812 0.5686166268807871 0.026588249206542968 0.09991573757595486
1 0.43588670094807946 0.5304692586263021 0.02814931869506836 0.09386924461082176
1 0.46361083984375007 0.4801848234953704 0.023498121897379556 0.0917368005823206
1 0.5565335591634115 0.5274922688802083 0.02521381378173828 0.0878177218967014
1 0.5741228103637696 0.3995857238769531 0.024112701416015625 0.0690248277452257
2 0.8255706151326498 0.18968658447265624 0.02242787679036458 0.06256845262315539
1 0.20856165885925296 0.3544528537326389 0.030872662862141922 0.04160438820167824
