1 0.41941048304239914 0.3673157868561921 0.02440185546875 0.07858821727611401
1 0.2142764409383138 0.4878159134476273 0.03875033060709635 0.09716907077365451
1 0.023135683933893838 0.4740960015190972 0.031715913613637285 0.09935884828920717
1 0.07233567237854004 0.4813573201497396 0.027513766288757326 0.09897955435293693
1 0.3383476893107097 0.32034197206850407 0.03601271311442057 0.07326552779586226
1 0.2442743460337321 0.44109711823640047 0.025250816345214845 0.07793378476743344
1 0.0673705259958903 0.3496625829626013 0.02263659636179606 0.07641929343894675
1 0.24690818786621094 0.519315818504051 0.030394442876180015 0.09214305171260127
1 0.1146396239598592 0.34112339726200813 0.024596738815307616 0.08027911716037327
1 0.6234954833984375 0.5586829291449653 0.025112787882486984 0.09117482503255209
1 0.33946736653645837 0.3869103608308015 0.027162456512451173 0.08305415400752315
1 0.15617392857869467 0.3068299470124421 0.019292402267456054 0.07757703993055555
1 0.3176278114318848 0.4616058632179542 0.026053682963053385 0.08080223931206597
1 0.049689845244089766 0.3825678224916811 0.02310656706492106 0.09431372748480901
1 0.2792097727457682 0.4715202048972801 0.025074100494384764 0.09369763974790218
1 0.02554740111033122 0.38609257450810186 0.022847312688827514 0.08987463491934317
1 0.009105934699376423 0.43331211231372974 0.017271939913431802 0.08952145046657986
0 0.7225374857584635 0.8029065167462385 0.011322212219238282 0.021465725368923612
2 0.3039510726928711 0.16711517616554541 0.01903874079386393 0.05890528361002603
2 0.2964447021484375 0.4734692043728298 0.023645559946695968 0.09746944286205149
