1 0.7542510350545248 0.25910268712926793 0.03428014119466146 0.08642318160445601
1 0.9540915807088216 0.5538143016673901 0.05197397867838541 0.10692545572916666
1 0.8380818684895833 0.4543480202003762 0.03751678466796875 0.10105610600224248
1 0.9724409739176433 0.1749163027162905 0.0351596196492513 0.07809771785029658
1 0.812179438273112 0.16308089362250436 0.022393544514973954 0.07307736432110822
1 0.5224429130554199 0.48434007432725695 0.03881816864013672 0.11234520806206597
1 0.2249929587046305 0.35271572536892365 0.03338066736857096 0.06474027280454282
1 0.5559134801228841 0.4554756729691117 0.0389929453531901 0.09825829399956597
1 0.900180180867513 0.06959739967628761 0.021603075663248695 0.07098616847285517
0 0.5038609822591146 0.5169877228913484 0.01197029749552409 0.022877558955439813
2 0.678598658243815 0.021773944077668368 0.025629234313964844 0.043547888155336736
1 0.810406239827474 0.09882254423918546 0.016151046752929686 0.04376085775869864
