1 0.27358245849609375 0.7270135950159144 0.08767720858256021 0.35695778175636567
1 0.05080608661819553 0.706476122245015 0.09555820099212836 0.41653920832753244
1 0.5225411415100097 0.7532778821901206 0.07205816904703774 0.31242865583098606
1 0.3877272923787434 0.770657800745081 0.07381947835286458 0.30038367377387154
1 0.4711327426838425 0.8061492919921878 0.12139882381607137 0.20687826651114008
1 0.6466194968553463 0.7477288609364081 0.09198113207547239 0.3130677847658979
1 0.8773584905660379 0.7372466806429071 0.10534591194968555 0.339622641509434
1 0.9375000000000006 0.7337526205450735 0.07468553459119506 0.34940600978336833
1 0.9496855345911941 0.7568134171907743 0.03773584905660362 0.28651292802236145
1 0.1458333333333333 0.7428371767994415 0.08726415094339611 0.3200559049615657
1 0.2818396226415094 0.7449336128581419 0.10613207547169826 0.2962962962962966
