2 0.8405080159505208 0.4964729591652199 0.024537150065104166 0.09602449205186632
1 0.8268994649251303 0.3687343456127026 0.030666669209798172 0.08069788614908853
1 0.9363736470540366 0.5001293041087963 0.030718040466308594 0.09761307327835649
1 0.06493356227874755 0.3987638685438368 0.030297132333119713 0.08663016425238715
1 0.18950117429097496 0.3936991373697916 0.03424981435139974 0.07743374859845197
1 0.18593519528706867 0.47723609076605905 0.029759089152018234 0.08621467307761863
1 0.25604769388834636 0.6149705674913194 0.03877951304117839 0.10061662462022569
1 0.6593026479085285 0.6354977077907986 0.03469549814860026 0.10776926676432291
1 0.47826150258382166 0.624779369212963 0.034743309020996094 0.10438068531177662
1 0.38280207316080733 0.40750365080656825 0.03077389399210612 0.07450719762731481
1 0.40260483423868815 0.4880194769965278 0.034361839294433594 0.08056923195167824
1 0.7282956441243489 0.3183939333315249 0.020336341857910157 0.07777303059895833
1 0.734363301595052 0.4942650689019097 0.024790382385253905 0.0903276796694155
1 0.9913802464803061 0.5710696750217015 0.017239507039388022 0.09794927526403356
0 0.41734072367350256 0.43717315108687793 0.009011173248291015 0.016593537507233795
