1 0.31837911605834956 0.5430335150824653 0.02450338999430339 0.08997164125795716
1 0.6428960164388022 0.5411285400390625 0.023423194885253906 0.09496053059895831
1 0.5141246477762857 0.5090019508644387 0.02394402821858724 0.09210419831452546
1 0.25839093526204426 0.47797066017433454 0.023548809687296546 0.0859000877097801
1 0.6048327763875325 0.5188763653790509 0.022288131713867187 0.09304057933666086
1 0.6987821578979492 0.6058871233904803 0.02696990966796875 0.1015018039279514
1 0.48968397776285805 0.5478126808449074 0.021994686126708983 0.09122879593460648
1 0.17084471384684247 0.37548816822193287 0.020085414250691727 0.07242801807544849
1 0.5767048517862956 0.501326666937934 0.0186859130859375 0.08585272894965276
1 0.5596223218343135 0.5215495356807 0.022298622131347656 0.09505434389467593
1 0.4876007397969564 0.4523342556423611 0.01837774912516276 0.08066098248517072
1 0.7813129425048828 0.4707620691370081 0.021717071533203125 0.09374906751844618
1 0.2066665490468343 0.3631995307074653 0.016898949940999348 0.06250779893663194
1 0.3762095685275096 0.3988183480721928 0.009801072294607228 0.07840316207320598
1 0.46774746576944987 0.5206635651765046 0.018655776977539062 0.08834686279296874
1 0.5384845733642579 0.4939650358977141 0.020335578918457033 0.08420873571325231
1 0.7082441329956055 0.5764129638671875 0.017238489786783853 0.088166583025897
2 0.2967643737792969 0.5002331769024885 0.021192614237467447 0.08779621830692998
0 0.19045983950297035 0.4026623761212384 0.00877367655436198 0.015174215811270255
1 0.47092692057291663 0.48547634548611107 0.019791507720947267 0.06639797069408275
1 0.5592398325602214 0.48079494900173614 0.015738805135091145 0.0645530418113426
1 0.5359124501546224 0.4668689021357784 0.016640535990397134 0.06294210928457755
1 0.38401496934644025 0.397757738393126 0.010085654839439968 0.07028580794774171
