1 0.12127617200215657 0.7089352077907987 0.04293944835662842 0.13876585783781828
1 0.6583475748697917 0.5806516294126157 0.034528160095214845 0.08856969762731481
1 0.4228581110636393 0.5816696166992188 0.032013352711995444 0.11027131257233797
1 0.023145689566930135 0.6318145751953125 0.033265769481658936 0.1316267790617766
1 0.473257319132487 0.8254829689308449 0.03797086079915365 0.1621142352068866
1 0.38718131383260085 0.5428140145760996 0.034795125325520836 0.09334948504412616
1 0.4354321161905924 0.5197129991319444 0.024826081593831383 0.07757794415509259
1 0.6625960727907579 0.6683577360930264 0.03270404743698399 0.12362523961950225
1 0.5396099090576172 0.5646857932761864 0.05538050333658853 0.04549277976707176
0 0.4992138364779875 0.5506638714185884 0.012578616352201309 0.02236198462613558
