1 0.5205258051554362 0.7092138219762731 0.033042653401692705 0.12596373381438078
1 0.6279982884724935 0.7607433177806713 0.027500788370768234 0.138612139666522
1 0.2667797088623047 0.5811471444589119 0.026893234252929686 0.10803589997468172
1 0.6851624806722004 0.6057394522207754 0.02994060516357422 0.11795202184606483
1 0.8692405064900716 0.7135449444806133 0.040894190470377595 0.12885165744357638
1 0.12320312658945719 0.8063995361328127 0.04245257377624512 0.12059377034505209
1 0.7166921615600585 0.5564042833116319 0.026602554321289062 0.1122875072337963
1 0.3241060892740885 0.5868283872251158 0.029247506459554037 0.10672714798538774
2 0.46592079798380537 0.7493281611689815 0.04306284586588541 0.12729916042751735
1 0.8583609898885091 0.6516646208586516 0.033111572265625 0.1054843478732639
1 0.23485121726989747 0.5562846996166088 0.03172429402669271 0.10541489212601274
1 0.9886043548583985 0.8147327564380786 0.022791353861490882 0.13584312156394676
1 0.5056596755981445 0.5807195592809606 0.038270123799641925 0.04494770191333912
1 0.4344167709350586 0.9685841878255208 0.0456085205078125 0.06283156783492477
