1 0.4983464241027832 0.3862271626790364 0.020382372538248695 0.07031295211226851
1 0.5397600809733073 0.5312889946831597 0.021765200297037757 0.07590936731409144
1 0.33220227559407556 0.684342787000868 0.02485806147257487 0.08876455801504629
1 0.3726116816202799 0.5766122888635706 0.0200559933980306 0.08947708695023149
1 0.3476533889770508 0.4432727955005787 0.018381404876708984 0.07431821469907407
1 0.41675643920898436 0.3605973985460069 0.016682847340901693 0.0686986004864728
1 0.6629169464111329 0.3501300105342159 0.0175814946492513 0.061919318305121526
1 0.5430121103922526 0.30071826510959204 0.019966316223144532 0.057865001537181715
1 0.42072340647379564 0.2843597412109375 0.017295996348063152 0.05436952379014757
1 0.8800804138183593 0.5625405205620659 0.022327740987141922 0.08249850802951389
2 0.6337510426839192 0.5034077962239584 0.019163068135579428 0.07466634114583333
1 0.7316426595052082 0.5280299999095776 0.023218981424967446 0.0782634593822338
1 0.710134251912435 0.6961689701786747 0.021938133239746093 0.08549329969618055
1 0.6729127883911132 0.4211562262641059 0.016993077596028645 0.06530405680338541
1 0.8565974553426107 0.3993267765751591 0.01631329854329427 0.06526664451316551
1 0.9626784642537435 0.37643328066225407 0.015577316284179688 0.0625682689525463
2 0.3493541399637858 0.2608696831597222 0.01355107625325521 0.05189607408311632
1 0.9919981638590495 0.5453370270905671 0.016003735860188804 0.07705615008318865
