1 0.4384962717692057 0.6023085982711227 0.010586198170979817 0.04371134440104166
1 0.7107680002848308 0.8519580982349537 0.0152130126953125 0.05699931957103588
2 0.7668300628662109 0.606422593858507 0.014325141906738281 0.052288196705005785
1 0.5595300038655598 0.6052072595666956 0.013545989990234375 0.04687669542100695
2 0.7045740763346353 0.5988662719726563 0.014854876200358073 0.04580123336226852
1 0.5207345644632975 0.9621866861979166 0.024501991271972657 0.07562674063223379
1 0.6977553685506185 0.8373803032769096 0.013918177286783856 0.0588226318359375
1 0.3203632990519206 0.5865022447374132 0.012904644012451172 0.043150047019675924
1 0.8309303919474282 0.5975167733651621 0.0135955810546875 0.04805755615234375
1 0.6654054005940755 0.5756138554325809 0.009940020243326823 0.04289771185980903
1 0.5076329867045084 0.6028247974537038 0.015892855326334634 0.04499788637514467
2 0.5827934265136718 0.8125147501627603 0.014248847961425781 0.06224512170862268
1 0.24201270739237468 0.59700927734375 0.013397630055745442 0.0487356115270544
2 0.24219261805216472 0.596870196307147 0.01239469846089681 0.04806462040653935
2 0.5076166788736979 0.6020321881329572 0.016480541229248045 0.04771988480179398
2 0.05994165738423666 0.853804581253617 0.026314814885457352 0.056590553566261574
1 0.3097788492838542 0.8531045419198494 0.014478206634521484 0.062337974265769674
1 0.9574637730916341 0.8204556500470197 0.016401036580403646 0.06315251103153935
2 0.4251797993977865 0.587205335828993 0.009692827860514322 0.043830193413628475
