1 0.6803249435487179 0.7023995858651618 0.03854694366455078 0.10485201235170717
1 0.3810751597086589 0.38040404143156825 0.021486727396647132 0.08168586448386864
1 0.6679827372233071 0.35914758752893516 0.03473936716715495 0.07290443137839989
1 0.13549583752950034 0.5255099826388888 0.025734575589497887 0.0897992734555845
1 0.35089734395345057 0.5402447735821759 0.0351414680480957 0.08500840928819445
1 0.2606223106384277 0.2995976483380353 0.03471183776855469 0.07778806333188658
1 0.13579781850179037 0.38462001659252026 0.029780705769856766 0.08129125524450231
1 0.013831919431686402 0.2893243860315393 0.02589956124623617 0.07615647492585359
1 0.07606809933980305 0.2727715951425058 0.02184766928354899 0.06767730712890625
1 0.5926487604777018 0.5742451985677084 0.02860603332519531 0.09369992856626157
1 0.2871917724609375 0.5355952510127314 0.02405385971069336 0.08836104781539351
2 0.9255174001057942 0.8789732756438079 0.04457937876383464 0.13036092122395834
1 0.2669979413350423 0.4098914252387153 0.029581642150878905 0.07974565294053819
2 0.018378730614980063 0.4997168646918403 0.03209793567657471 0.09414520263671874
1 0.21116261482238768 0.3122603239836516 0.02278620402018229 0.0744487621166088
0 0.6819452133034973 0.7188491283747993 0.012425526762190203 0.014200602013931701
