1 0.36266202926635766 0.31378614371011165 0.07815297444661458 0.29076301260147774
1 0.43443063100179025 0.45351202729529694 0.07768948872884113 0.29991465367944287
1 0.10974219999973123 0.3855767890508986 0.08883352999417288 0.3206752555841836
1 0.020053815841674805 0.31124352349175344 0.04010763168334961 0.31160077695493343
1 0.2926645290926565 0.6892249213324656 0.13852917113394064 0.401810540093316
1 0.6015112726943298 0.6365444863117466 0.10811503908169326 0.3396583893014199
1 0.16787562220351504 0.6290207303711618 0.12119450164291098 0.3426593314010224
1 0.7159293492635088 0.3472371691177976 0.06648699442545573 0.3280785998458382
1 0.07031549582691303 0.6517054741071036 0.09820856943070502 0.3595760182847847
1 0.06839622641509434 0.8651292802236199 0.11477987421383648 0.25716282320055894
1 0.3349056603773585 0.08176100628930817 0.05817610062893089 0.16352201257861634
1 0.1886792452830188 0.43186582809224333 0.08805031446540891 0.31865828092243165
