1 0.063458784421285 0.7327786480938947 0.037744824091593424 0.10298552336516203
1 0.5755870183308919 0.6501138757776331 0.033428192138671875 0.08600814254195602
1 0.15078436533610026 0.7493412159107351 0.03153669039408366 0.10874181676793981
2 0.5787438074747722 0.5278754340277778 0.023200098673502603 0.08286765769675926
1 0.10561387628721232 0.6222322817201961 0.0303592274182007 0.0997719658745658
1 0.4166755676269531 0.5783260769314237 0.0247132937113444 0.09414028591579861
1 0.2856591990104534 0.44266051093637815 0.02511485667152615 0.08199195191505765
1 0.7126323699951171 0.6432110821759259 0.038477579752604164 0.07656662552445023
1 0.6035976409912109 0.4394087049696181 0.019847679138183593 0.07607817473234954
1 0.9442263285319009 0.2637303387677228 0.020701281229654946 0.06843306929976851
1 0.8389048894246419 0.5038360595703125 0.022763824462890624 0.07938921893084491
1 0.7439189910888672 0.41148076940465855 0.02233060201009114 0.07820335670753761
1 0.5906671569097598 0.29722208093713637 0.012464465235146136 0.06682405825014454
1 0.6410341262817383 0.34178961294668686 0.01864306131998698 0.0698536060474537
1 0.5003796727619456 0.4079062285246661 0.015957059878391817 0.07974480523003451
1 0.47609889613560097 0.30044369167751633 0.014428198799250504 0.06416820949978275
1 0.10663979053497315 0.36056029708297166 0.023373047510782882 0.07676674171730324
1 0.49825923988980336 0.6965154577184604 0.02201347245593721 0.08478907832392936
2 0.5720592498779297 0.1511705326710761 0.01636981964111328 0.056899010513900755
0 0.49138930688852683 0.7692780115084222 0.008995903511245518 0.016590370935699882
1 0.003502751312743111 0.532416226910586 0.006993716800392635 0.09099510377793027
