1 0.48963743845621743 0.4771200674551504 0.036524232228597006 0.11340190746166089
1 0.6747651418050131 0.2696353205928096 0.024176534016927084 0.08957964579264323
1 0.7304625829060873 0.33251927693684896 0.028576787312825522 0.09253240514684606
1 0.8858446756998698 0.38658043190285013 0.02766526540120443 0.10349895336009839
1 0.48722133636474607 0.3462534021448206 0.030080604553222656 0.09180882771809896
1 0.8935764948527019 0.27431165907118055 0.020125452677408853 0.09415914747450087
2 0.9022417068481444 0.528299289279514 0.045143763224283845 0.11879588939525464
1 0.44856764475504557 0.4387877287688079 0.025256983439127603 0.10604177404333043
1 0.7096801122029623 0.409737311469184 0.01893272399902344 0.09935746369538484
1 0.6959332148234049 0.47749277750651037 0.038904571533203126 0.10289733321578415
1 0.6950197855631511 0.37811426233362266 0.022130139668782554 0.09182465164749712
2 0.4385358810424805 0.0858056103741681 0.023160839080810548 0.06711021705910011
1 0.3286792119344075 0.41999768857602715 0.04344377517700195 0.07221832275390624
1 0.427364158630371 0.5140889485677084 0.05489104588826497 0.06116587320963542
1 0.9817604064941406 0.6342804520218461 0.03077952067057292 0.13369242350260416
1 0.30401194251788566 0.372157061541522 0.03764004394982411 0.08215589170102718
2 0.7738352457682293 0.23544757984302664 0.023159027099609375 0.0914417831986039
1 0.7738784790039063 0.23477810047290945 0.023418426513671875 0.09025096186885127
0 0.2798674880517504 0.3709813307512419 0.008901921332673961 0.014721523650933856
