1 0.21115798950195314 0.43595448246708624 0.03482958475748698 0.09653133816189235
1 0.056400720278422044 0.665896662959346 0.02812647819519043 0.12671000162760418
1 0.012627996007601418 0.43948081687644674 0.024982736508051554 0.11435614691840276
1 0.42628734290299986 0.5657920554832176 0.025017153813405482 0.11744650381582752
1 0.9129074732462565 0.5363239429615162 0.02784894307454427 0.12527813381618924
1 0.18103017807006835 0.854318293818721 0.03195662498474121 0.15055259422019676
2 0.3816435482108904 0.5782180888358903 0.030706402858955005 0.14493983871179228
1 0.6116340637207032 0.4161055670844184 0.03924516042073568 0.1020308883101852
1 0.26566975911458335 0.3762298583984375 0.020527060826619467 0.09369653772424769
1 0.7684170405069988 0.5160643966109665 0.025598653157552085 0.1051515084725839
1 0.26536625842553174 0.3231487069413154 0.018763713445302678 0.08711077515650315
1 0.2347743387957053 0.5088374212106389 0.03284912823431422 0.11841863631136075
1 0.8367561850983704 0.46540847709962185 0.023506316733597633 0.11354341713707593
1 0.24655894398946263 0.5015729257711783 0.02814645688253066 0.1024527959028739
2 0.9564088185628257 0.9773478190104166 0.056255340576171875 0.0453044750072338
0 0.49475233731919815 0.4392319465925892 0.012427102882555658 0.018320715360732577
1 0.8343484480831087 0.44154524765456676 0.01873709525529451 0.09552244639954091
