1 0.42232306798299146 0.5106134485315393 0.027141571044921875 0.07987393979673033
1 0.23941855430603026 0.4603603786892361 0.019375960032145183 0.0767788357204861
1 0.36332734425862634 0.4754677101417824 0.023039913177490233 0.07117580837673611
1 0.27334836324055994 0.4808067604347512 0.01949332555135091 0.07860308046694155
1 0.34216613769531246 0.4946326361762153 0.01695082982381185 0.07153492680302373
1 0.17738458315531414 0.44608730740017366 0.017322285970052084 0.06809412638346354
1 0.33823451995849607 0.5492776941370081 0.024218082427978516 0.08001313386140047
1 0.49591360092163095 0.530833661114728 0.01748358408610026 0.08063343189380787
1 0.3950938542683919 0.517715906213831 0.022687149047851563 0.07375047471788194
1 0.2560883522033691 0.46582322297272855 0.02014021873474121 0.06900549994574653
1 0.9893274943033855 0.7963636045102719 0.02039082845052083 0.10509462709780093
1 0.27794793446858723 0.5694730405454282 0.019290383656819662 0.08054091842086226
1 0.380779774983724 0.5405376858181423 0.020493729909261068 0.07530121979890046
1 0.285596243540446 0.48321849681712964 0.016181310017903645 0.0750777350531684
1 0.3779949506123861 0.4773148148148148 0.020066261291503906 0.07183877450448495
1 0.3251932144165039 0.5027969925491899 0.017714500427246094 0.07597831443504051
1 0.317907460530599 0.5085733484338831 0.025356197357177736 0.08168289749710649
1 0.29055469503582676 0.562277248828601 0.0338266410079106 0.088222644947193
1 0.37286023509401944 0.5421305255347628 0.006656532194030333 0.0015778446682146808
