1 0.221505864461263 0.6406035811812789 0.12613835334777831 0.49076052065248843
1 0.7602581024169923 0.5986854270652489 0.056550153096516925 0.26284431174949363
1 0.14677848815917968 0.5431868941695602 0.0536771297454834 0.2023162841796875
1 0.6325666535575436 0.6563872672560165 0.23042849234814927 0.6872254654879666
1 0.2659077485402425 0.5228541056315104 0.043666299184163405 0.13741497463650174
0 0.7091194968553455 0.6275331935709292 0.07389937106918198 0.1397624039133475
1 0.092374213836478 0.5157232704402516 0.027515723270440252 0.10062893081761004
1 0.39426100628930816 0.5359888190076869 0.02279874213836479 0.06568832983927315
1 0.46776729559748426 0.53319357092942 0.02830188679245282 0.07407407407407397
1 0.49803459119496857 0.5373864430468204 0.01808176100628927 0.07407407407407413
1 0.3160377358490566 0.5380852550663872 0.020440251572327064 0.07547169811320757
1 0.009433962264150943 0.506638714185884 0.015723270440251572 0.10761705101327741
