1 0.3265170415242513 0.4186733387134693 0.05737139383951823 0.1530092027452257
1 0.5272116978963216 0.3362173292371961 0.03604911168416341 0.10192023383246526
1 0.7622179667154948 0.3720362345377604 0.019491958618164062 0.07500664039894386
1 0.7254038492838543 0.3766536853931568 0.025507418314615882 0.1003896642614294
1 0.4913684844970703 0.31719705087167244 0.015601476033528648 0.07256430166739004
2 0.5628312428792318 0.30725072224934896 0.016935984293619793 0.05446003101490162
1 0.6029808044433593 0.3053747671621817 0.010461807250976562 0.04276962280273437
1 0.5052037556966146 0.33752534654405386 0.02208995819091797 0.09216042977792245
0 0.42925335566202805 0.36155853271484384 0.00796667734781901 0.011276329888237848
1 0.35126902262369797 0.33281786883318865 0.01959396998087565 0.06616256148726851
1 0.1370936870574951 0.5255107173213251 0.025138537089029953 0.11875519929108797
1 0.25299827872017894 0.3441110196738293 0.012691788049951249 0.04165509924086564
1 0.2720359607951059 0.3376024104174441 0.008786622496120096 0.033844768133203404
1 0.31059947063918864 0.33196161572857674 0.016596953603782508 0.04512635751093793
1 0.3347626825035189 0.3289242647422636 0.017085099298011316 0.044258542943419917
1 0.6637728804137945 0.3124357879594209 0.00927476819034908 0.03210913899816742
1 0.7801956284873863 0.35105353621397356 0.02147841054607142 0.041655099240865814
