1 0.8999443054199219 0.5297244601779514 0.029919751485188804 0.09338757550274884
1 0.32855892181396484 0.6906835485387732 0.03242292404174805 0.10225101047092014
1 0.710562006632487 0.6028962311921297 0.02265510559082031 0.1036506935402199
1 0.8251407623291016 0.583810763888889 0.02407703399658203 0.09801307960792824
1 0.3555108070373535 0.5172586511682582 0.022774314880371092 0.10190203631365741
1 0.6696878433227539 0.3665358366789642 0.022208786010742186 0.07783140959563078
1 0.49811687469482424 0.34598219129774305 0.021587467193603514 0.07477984958224826
1 0.828534444173177 0.422455738208912 0.02184549967447917 0.08233283714011863
1 0.6410409927368164 0.34039258603696465 0.02062568664550781 0.07500186496310764
2 0.7621449788411457 0.329175059000651 0.019736798604329427 0.07758472583912036
1 0.4874932924906413 0.40768364800347223 0.023807525634765625 0.0647571705005787
1 0.4963165967093691 0.5707118846752026 0.018101142162722975 0.08873336226851852
1 0.5079299606616731 0.6267793634514243 0.030071514207856465 0.08662720046511099
2 0.39627513885498045 0.18322140728985822 0.01631304423014323 0.06327795805754485
1 0.5096092601368412 0.5819112141927099 0.01646828474052519 0.08085875334563086
1 0.49989604949951166 0.5242512443694929 0.01993265151977538 0.06838661716379317
0 0.5095537206534186 0.4631139684746348 0.008817482222701472 0.014731215279694041
1 0.5003600255395696 0.49193425083617315 0.016561714107300674 0.024290514024040845
