1 0.6398802439371745 0.5075107150607638 0.03118387858072917 0.12165925767686632
1 0.8268751780192057 0.48086932146990746 0.03497104644775391 0.11929781878436053
1 0.9610103607177735 0.5350891678421585 0.044219334920247405 0.10946723090277778
1 0.9054670969645183 0.6465023464626735 0.032649993896484375 0.1299192640516493
1 0.7795840581258138 0.5135611640082466 0.036339950561523435 0.10853460806387442
1 0.4458459854125977 0.6883806581850405 0.05882476170857747 0.16004209165219907
1 0.087532377243042 0.7483684398509838 0.03293925126393636 0.15045318603515626
1 0.5392971674601238 0.6014274314597801 0.026649443308512367 0.11743011474609374
1 0.5103601455688477 0.5897542317708333 0.02757285435994466 0.12051171196831598
1 0.5377690633138021 0.4889588532624421 0.027009646097819015 0.11661574752242476
1 0.5829372406005858 0.49582869918258105 0.02398370107014974 0.0848062585901331
1 0.5623727162679036 0.5078256677698206 0.054215113321940095 0.07360093858506944
0 0.4095911949685535 0.514325646401118 0.011006289308176136 0.022361984626135593
