1 0.34204397201538084 0.5356276900679977 0.032967567443847656 0.13573331479673031
1 0.4688029607137045 0.45766409414785886 0.042680327097574876 0.1350730613425926
1 0.16815884908040368 0.7153167724609375 0.04790492057800293 0.16115242286964698
1 0.3110137303670248 0.40844167073567705 0.03340209325154622 0.1068039788140191
1 0.2220626990000407 0.4457117716471355 0.03521041870117188 0.12826933684172453
1 0.05016809701919556 0.6925665961371529 0.0472810665766398 0.14966911033347802
1 0.16695931752522786 0.2799483687789352 0.03149250348409017 0.11441478022822628
1 0.3924636840820313 0.12933675977918838 0.023080984751383468 0.09729794396294487
1 0.28672351837158205 0.3217067577220776 0.029926236470540366 0.10913179185655382
1 0.24957836469014485 0.5375232837818287 0.03138319651285807 0.13339383160626447
1 0.2879792213439941 0.4945886682581018 0.033358319600423174 0.13132595486111112
1 0.6313965767958013 0.43227472007616236 0.056205107835582246 0.10039956723518398
1 0.2585921764373779 0.4926872507913873 0.02523654301961261 0.13794679433451068
1 0.28921330769856773 0.4385223671242043 0.030732059478759767 0.09813045925564236
0 0.6465121068545878 0.3511013886616398 0.011002532552116407 0.01956005787042912
1 0.3019533276814921 0.44804868344907406 0.016301766979952476 0.11280367815936052
