1 0.4911096572875977 0.4150781136971933 0.04142262140909831 0.08753280639648438
1 0.39076048533121743 0.40971674036096645 0.022359943389892577 0.07178943775318287
1 0.3402775446573893 0.4116179854781539 0.01849082310994466 0.06457463017216435
1 0.5567523956298828 0.4173827842429833 0.026859537760416666 0.06053726761429398
1 0.30224806467692056 0.4006051805284288 0.016920026143391928 0.0590524744104456
1 0.4311963081359863 0.4037151760525174 0.01864032745361328 0.0610875165020978
1 0.35355072021484374 0.40349544949001737 0.018466822306315103 0.06605151141131366
0 0.8507933934529622 0.5723516958731192 0.011388397216796875 0.022223352502893517
1 0.4198869069417317 0.39443955598054115 0.012493356068929035 0.051592226381655094
1 0.38256613413492835 0.3912385728624132 0.012496852874755859 0.04819553516529225
1 0.4481253306070963 0.38928578694661453 0.012508296966552734 0.044938461868851275
1 0.8065292840217366 0.6012557846541595 0.05996784072599168 0.1252899496774442
1 0.12735849056603774 0.4493361285814116 0.02515723270440251 0.0992313067784766
1 0.5746583745978616 0.3986954988586945 0.0060224414935638034 0.02810472696996463
1 0.5138693557722008 0.39769175860976574 0.010539272613735683 0.036803809127334525
