1 0.43997424443562827 0.6064857765480324 0.03276780446370443 0.1109172679759838
1 0.8367403666178386 0.4453835098831742 0.029033025105794266 0.09991924144603588
1 0.28391027450561523 0.258560632776331 0.02279796600341797 0.07342989886248553
1 0.7590980529785156 0.3829901801215278 0.022551727294921876 0.09396418818721065
1 0.32642698287963867 0.7877077455873842 0.03503735860188802 0.1307762993706597
1 0.5940833409627279 0.3516437671802662 0.02524058024088542 0.07435203834816262
2 0.06206321716308594 0.2137968840422454 0.02704474528630575 0.0819087134467231
1 0.6933271408081054 0.24273444281684028 0.020719146728515624 0.0746233480947989
1 0.4772097905476888 0.29595444290726275 0.020405356089274088 0.07406144318757234
1 0.8370545705159504 0.29546048199688946 0.022762743631998695 0.08294819019458911
1 0.7622268676757813 0.27475077311197915 0.02141462961832682 0.06932124385127315
1 0.9411479949951174 0.6176258228443287 0.026279195149739584 0.11134620949074074
1 0.4445167541503906 0.23483298972800923 0.019663174947102863 0.07070989255551939
1 0.02294122576713562 0.45393405490451394 0.026105272769927978 0.101959878427011
1 0.6402034123738606 0.32952100965711806 0.02014414469401042 0.08221540097837093
1 0.3649813969930013 0.372636244032118 0.020404783884684242 0.08529648957429109
1 0.6530642827351888 0.29930369059244794 0.01972643534342448 0.078010333025897
1 0.34077796936035154 0.3435298778392651 0.018078327178955078 0.08043125293872974
1 0.35483903884887696 0.32375098334418406 0.020819028218587235 0.07657340720847801
1 0.6518480300903319 0.24459991455078126 0.01898676554361979 0.06073342782479745
2 0.4947109858194987 0.34092203776041663 0.029239114125569662 0.08217425876193576
