1 0.06127076148986817 0.3531474925853588 0.02460845311482747 0.06585402312102141
1 0.5820589701334635 0.45808133725766786 0.02234058380126953 0.07429394192165799
1 0.31033827463785807 0.7291112829137731 0.02542711893717448 0.09415537516276042
1 0.022219419479370117 0.43921412715205443 0.02304760615030925 0.07482511732313368
1 0.28971614837646487 0.3755489208080151 0.01979055404663086 0.060301575837311924
1 0.4164327621459961 0.3600928129973235 0.019618701934814454 0.06355596471715856
1 0.7078242619832357 0.6345939353660301 0.02900187174479167 0.07263731779875579
1 0.45521205266316733 0.3836894282588252 0.023822593688964843 0.06531335336190683
1 0.6844122568766277 0.3785612600821036 0.02482782999674479 0.06046295166015625
1 0.28530073165893555 0.4586226851851852 0.019711812337239582 0.07737449363425926
1 0.38951342900594077 0.36699809321650756 0.020245234171549484 0.05840295862268519
1 0.7718503316243489 0.6352097122757524 0.026459566752115884 0.06257442898220486
1 0.416749636332194 0.46027184945565686 0.02110312779744466 0.06931259720413774
1 0.3015114466349284 0.5753294203016494 0.019649410247802736 0.07515914351851852
2 0.25245348612467444 0.4668514110423901 0.01781177520751953 0.06974490130389178
1 0.7833970387776694 0.6732923719618056 0.025716718037923178 0.0723051283094618
1 0.4382005055745443 0.37792977227105035 0.016059398651123047 0.06759502269603589
0 0.781904138417187 0.6997361596387595 0.008298476801891325 0.013885033080288591
