1 0.7266314029693604 0.4555300818549262 0.030709362030029295 0.1100955539279514
1 0.5544678688049316 0.22334660424126518 0.021976661682128907 0.09241994222005206
1 0.5261873245239258 0.32849483489990233 0.021917438507080077 0.09008538987901477
2 0.9519726753234863 0.38116183810763893 0.026606178283691405 0.1064926995171441
1 0.8529390335083008 0.26817046271430117 0.02253265380859375 0.0824908150566949
1 0.4894252777099609 0.2980664571126302 0.02146315574645996 0.08091538747151693
1 0.9394319534301758 0.22415945265028214 0.025497055053710936 0.08987488216824001
1 0.6206099033355713 0.18896408081054689 0.020926475524902344 0.07358352873060438
1 0.588702917098999 0.29127926296657985 0.025778484344482423 0.0791026857164171
1 0.46713862419128416 0.7149796379937067 0.034503936767578125 0.15145013597276474
2 0.5942123889923095 0.05074666341145833 0.021209907531738282 0.06871179474724663
1 0.6800025463104248 0.21281873914930557 0.016076183319091795 0.0676105711195204
1 0.5017770975763935 0.24972048195614613 0.0173849046101808 0.08330285034416363
1 0.7186266899108886 0.23677005767822265 0.022569847106933594 0.0751249525282118
1 0.6959085464477539 0.23509396447075737 0.021468687057495116 0.07312732272677952
1 0.5144224166870117 0.20994606018066406 0.01833958625793457 0.08069817225138348
1 0.6865557590949071 0.16128244072766884 0.022011638494405107 0.04700507472298292
1 0.592229461669922 0.25460857815212673 0.020236110687255858 0.0783566157023112
0 0.18671808356474437 0.8111945901550647 0.013002993016137516 0.021338244949558886
1 0.06834906585405588 0.7809654098098545 0.04134284958977039 0.13751313411938001
1 0.5086901819720759 0.2284488646262426 0.025074642179879134 0.07788753321808707
1 0.6939945431365695 0.1936688969628201 0.022594732513737625 0.04359742425414936
