1 0.5222659111022949 0.7229532877604167 0.034463055928548175 0.11330685085720486
1 0.5590599695841472 0.5979992901837384 0.03999875386555989 0.07625817192925347
1 0.11646153926849365 0.21795696682400173 0.0262601375579834 0.08342879966453269
1 0.5540925343831381 0.1844492029260706 0.02291170756022136 0.07937042801468461
1 0.614962641398112 0.6634084065755209 0.02688344319661458 0.11180380362051505
1 0.6011873881022135 0.4381909405743635 0.037769190470377606 0.08925371523256655
1 0.6306271235148112 0.8638940316659433 0.045899581909179685 0.15358445909288193
1 0.35998102823893224 0.2216336003056279 0.025007025400797526 0.08112725151909722
1 0.6102348327636719 0.30517337940357353 0.02632605234781901 0.08638424343532985
1 0.4018768310546875 0.39529370908383965 0.0332420031229655 0.08177371554904514
1 0.560809834798177 0.290587474681713 0.028163464864095055 0.08909183078342015
1 0.5822608947753907 0.22583878128616897 0.026071993509928382 0.08887679488570602
1 0.5952487309773763 0.5177977385344329 0.029452387491861978 0.09084082709418403
1 0.24916351636250814 0.5418174461082175 0.02937485376993815 0.10382724338107639
1 0.8814568201700846 0.301393805609809 0.03530426025390625 0.0888151380750868
1 0.31614859898885095 0.05386958298859773 0.018868764241536457 0.07031712708649812
1 0.45578746795654296 0.6703021014178241 0.03747835159301758 0.11607010452835648
2 0.1495478947957357 0.35774756537543406 0.02740621566772461 0.09974401968496817
0 0.4057151794433594 0.6671753494827836 0.014605871836344401 0.02354374638310185
2 0.7079410552978516 0.9699587221498842 0.037461407979329425 0.06008255570023148
