1 0.6268014272054035 0.9203494601779514 0.031549898783365886 0.10917267975983797
1 0.6723922093709309 0.555440436469184 0.020918528238932296 0.08040534125434026
1 0.6696397145589194 0.48342810736762154 0.018933804829915364 0.07222550003616898
1 0.7064299265543619 0.6574985080295138 0.024248949686686196 0.07748554371021411
1 0.37713260650634767 0.6614176432291667 0.029577255249023438 0.08144463433159724
1 0.6344586054484049 0.6542504204644097 0.0233917236328125 0.0816591050889757
1 0.6011682510375977 0.709271240234375 0.028217951456705734 0.08769401267722801
1 0.5907952626546225 0.3428925690827546 0.025147310892740884 0.043714933042173026
1 0.6278294881184895 0.3838916354709202 0.02191969553629557 0.06012491296838831
1 0.5115887641906738 0.5576267948857061 0.01942729949951172 0.07885702627676505
1 0.3917279243469238 0.393833245171441 0.02307637532552083 0.060968752260561344
2 0.4459598541259765 0.4831894486038773 0.01773684819539388 0.07236435501663774
1 0.3888221740722656 0.48270286277488433 0.020384279886881507 0.06975346317997685
1 0.1291793982187907 0.402579583062066 0.021743241945902506 0.06462068910951968
1 0.6936644236246745 0.5463254010235822 0.017973836263020834 0.08003065321180555
1 0.2161897659301758 0.4552120067455151 0.02176512082417806 0.06241774382414641
2 0.9833653767903645 0.947755601671007 0.032644462585449216 0.09823342782479745
1 0.2630608081817627 0.6234577320240162 0.02487802505493164 0.08762472647207754
1 0.2708751678466797 0.5693617644133391 0.03790292739868164 0.06298048231336806
0 0.25494518303136365 0.5898603267482547 0.00931914507164272 0.011833835011609924
