1 0.6820814768473307 0.6610662389684606 0.028780237833658854 0.12064180727358216
1 0.2517454465230306 0.4949568571867766 0.03846586545308431 0.09076549388744214
1 0.0766469399134318 0.7286963568793403 0.033984212080637614 0.1213215015552662
1 0.7443504969278972 0.44480489095052084 0.02783139546712239 0.09258826926902489
1 0.22101140022277835 0.5287657561125578 0.03313000996907552 0.10390997992621528
1 0.419462776184082 0.47131296793619787 0.03239870071411133 0.09243415549949363
1 0.2614413897196452 0.57510986328125 0.0315918763478597 0.09719927752459491
1 0.9076112111409504 0.46128918683087383 0.02198537190755208 0.09586023401331019
1 0.9531588872273763 0.5210259331597222 0.025882720947265625 0.1034701877170139
1 0.6526331583658854 0.42992706298828126 0.026890881856282554 0.0867817066333912
1 0.18369944890340167 0.47550964355468756 0.033119885126749675 0.09682555022063079
1 0.5763381958007813 0.38822270146122684 0.028759447733561195 0.09012838293004918
1 0.3234270095825195 0.49685171621817126 0.026130104064941408 0.10430947762948495
1 0.40858370463053384 0.6641913519965277 0.027797158559163412 0.12422434488932294
1 0.6366803487141928 0.6271940443250869 0.02927862803141276 0.10847846137152778
1 0.34420922597249354 0.48874099166304974 0.023021920522054037 0.09499141551830151
1 0.6380602518717449 0.5148236875180845 0.018848101298014324 0.1075364006890191
2 0.7475663503011069 0.5621077360930267 0.030975659688313797 0.1165108009620949
0 0.26690251572327045 0.4339622641509434 0.013364779874213788 0.015373864430468273
2 0.8230429331461587 0.21826615510163486 0.01792036692301432 0.0806244037769459
