1 0.9014331817626952 0.33274835657190394 0.04029947916666667 0.10014529758029514
1 0.17548732757568358 0.27992983217592593 0.037931664784749346 0.09154485066731771
1 0.14965200424194336 0.3760053846571181 0.04911295572916666 0.11305180302372685
1 0.6829018274943034 0.37252751103153936 0.044614919026692706 0.09402728610568577
1 0.2684115727742513 0.37141469319661463 0.04443974494934082 0.10764708342375578
1 0.7716861724853515 0.3938056663230613 0.03446324666341146 0.10373651010018808
1 0.4987436294555664 0.21487443712022572 0.034694798787434894 0.06474186932599103
2 0.5887233734130859 0.30843825163664645 0.031514485677083336 0.08717029712818287
1 0.6631954828898112 0.19898769237377023 0.022908910115559896 0.07343593173556857
1 0.11640693346659343 0.6210475780345776 0.06536832650502523 0.13592314543547454
1 0.40468295415242517 0.26510902687355326 0.0354773203531901 0.08125832169144243
1 0.5285626411437988 0.33201220477068866 0.030637550354003906 0.09271904274269387
2 0.1673351923624674 0.11547862865306714 0.02182027498881022 0.09174762301974827
0 0.3687106918238993 0.2983927323549965 0.007861635220125791 0.012578616352201272
