1 0.879404385884603 0.16685111434371383 0.0240478515625 0.080841064453125
1 0.8121456146240235 0.19375519929108798 0.025201479593912765 0.0928823400426794
1 0.6669186909993493 0.1987111237917807 0.02172915140787761 0.08625627346678655
1 0.37405052185058596 0.34408563684534144 0.0691751480102539 0.19573381212022573
1 0.42746562957763673 0.20117554841218172 0.02580073674519857 0.06715167010271991
2 0.7161757151285808 0.1678445604112413 0.01888141632080078 0.06924239264594184
1 0.851178805033366 0.21372115523726853 0.035085042317708336 0.10714711789731628
1 0.8868357340494792 0.257334730360243 0.03757343292236328 0.16413899174442995
1 0.4661211331685384 0.17645605581778068 0.018816820780436196 0.07928003381799768
1 0.5142455418904622 0.1621339629541744 0.024067974090576177 0.05727214976721708
1 0.6112421383647798 0.14465408805031446 0.01179245283018858 0.03494060097833685
1 0.5495283018867924 0.153738644304682 0.009433962264150962 0.025157232704402524
1 0.27869496855345915 0.17470300489168417 0.018081761006289304 0.053109713487072024
0 0.5063458940249757 0.22389615841965366 0.006834039719204554 0.0156206622153253
1 0.5405769945181251 0.19517748872526305 0.021217004921436525 0.06681672660973013
1 0.5179960392803106 0.19140557673922987 0.01303330302316816 0.06358365919313029
1 0.5283014416707225 0.22939411888427805 0.02879450667909232 0.12016233898362753
1 0.6663635236952128 0.15206992317059845 0.016367403796536735 0.04526294383239783
