1 0.8862567901611327 0.5661638047960069 0.04150854746500651 0.13324895788122107
1 0.9784154256184895 0.5637537073206019 0.04310118357340495 0.1267579820421007
1 0.5047725677490233 0.7404182151511862 0.059618600209554035 0.15211916323061342
1 0.2505569775899252 0.5387565895363137 0.03428044319152832 0.13466096100983796
1 0.5238638877868653 0.3497071725350839 0.0441403071085612 0.08201090494791669
1 0.6696020762125652 0.43602619877567994 0.03712139129638672 0.09601016574435764
1 0.8584800084431966 0.4662634390371817 0.039250946044921874 0.12701808788158275
2 0.6968660990397136 0.47451002332899306 0.03484261830647786 0.10864862512659142
1 0.5621901830037435 0.3500679298683449 0.03157246907552083 0.08957717330367476
2 0.8424480438232422 0.2642913535789207 0.02693462371826172 0.09208180462872541
0 0.5050011511600528 0.40103552990898883 0.011335942629453229 0.0183745998176758
