1 0.4430274963378906 0.6339831316912615 0.034161980946858725 0.10327176694516782
1 0.4120945294698079 0.7203799212420428 0.0335666020711263 0.09847231264467593
1 0.21075455347696936 0.8062407316984954 0.037365261713663736 0.1265642519350405
1 0.56503480275472 0.5872533162434896 0.035148366292317705 0.10116181550202547
1 0.09035073121388754 0.6454352484809027 0.03123628298441569 0.11097169099030671
1 0.3662579536437988 0.4368727789984808 0.030171585083007813 0.0800496984411169
1 0.3387322425842285 0.46614713315610534 0.032509803771972656 0.09177178276909723
1 0.5733962376912435 0.4912495365849247 0.04170824686686198 0.04436385543258102
1 0.39908199310302733 0.42012654057255494 0.022416973114013673 0.08053775363498264
0 0.8160377358490567 0.4884696016771488 0.011006289308176207 0.018169112508735166
