1 0.3017849604288737 0.4668906882957175 0.025474007924397787 0.06977654916268808
1 0.9172009150187175 0.6006188286675347 0.022805150349934897 0.08651716444227431
1 0.258362611134847 0.5328772650824652 0.03334744771321615 0.05936121057581018
1 0.30674095153808595 0.2868454827202691 0.015407911936442057 0.05231617115162037
1 0.38154522577921546 0.8001808449074074 0.032892862955729164 0.09929498743127892
1 0.5511515935262045 0.2663525051540799 0.014246622721354164 0.053959034107349535
1 0.6212640126546224 0.2677511709707755 0.017749786376953125 0.058340199788411456
1 0.25856494903564453 0.3575683311179832 0.018543767929077148 0.05968825728804976
1 0.9163049062093098 0.31582500316478584 0.020866584777832032 0.06575379548249422
1 0.8507741928100586 0.29925000226056137 0.017832438151041668 0.06024359243887442
1 0.5372615178426107 0.5681406656901041 0.017162322998046875 0.07929410581235533
1 0.38455559412638346 0.6255871242947049 0.02212270100911458 0.0630268238208912
1 0.5724472045898438 0.5136533949110244 0.019799232482910156 0.07091347023292824
1 0.14329387346903483 0.5713875664605035 0.0308977206548055 0.08173986364293981
2 0.7336837768554687 0.47530952736183446 0.018375396728515625 0.08231119226526332
0 0.1607702096303304 0.6227956136067708 0.009823989868164063 0.015706549750434028
1 0.7423851013183592 0.44665668628833916 0.014090601603190105 0.055461742259837965
2 0.452506510416665 0.14792297321986164 0.01022284825642902 0.04889577594977992
