1 0.6092463175455729 0.6667993051034433 0.035083961486816403 0.09446840639467592
1 0.26295762062072753 0.59652178729022 0.03627958297729492 0.08343647144458911
1 0.5497557322184244 0.6493081552010996 0.03217334747314453 0.0856874254014757
1 0.3831452051798503 0.44411813241464126 0.03259274164835612 0.07326414320203993
1 0.3536170323689778 0.6599673800998264 0.029537200927734375 0.09127553304036456
1 0.6578113555908203 0.6091402407045717 0.031429417928059894 0.07264636004412615
1 0.6785218556722006 0.7152361834490741 0.02703851064046224 0.08296503137659145
1 0.08115190664927165 0.6546643292462383 0.026475032170613602 0.0945474695276331
1 0.531025759379069 0.5748592800564236 0.03631248474121094 0.0829479076244213
1 0.22117900848388675 0.706330645525897 0.029002507527669266 0.10539731626157406
2 0.1240094025929769 0.4991240889937789 0.032024327913920084 0.08421096801757813
1 0.4580669403076172 0.4217526471173322 0.029901727040608724 0.06928007337782117
1 0.590848159790039 0.5146062780309607 0.02439727783203125 0.07946805600766782
1 0.20354665120442708 0.4359481246383102 0.023433208465576172 0.06986143324110243
1 0.13363126118977864 0.6016080503110532 0.030163788795471193 0.09597156665943286
1 0.26794242858886713 0.5021128336588542 0.025250005722045898 0.07781705503110532
1 0.9445424091325166 0.5041414048936632 0.042641705573791065 0.07571747391312206
1 0.5232995986938477 0.4812441225405093 0.02810983657836914 0.07345776028103299
1 0.02571216821670532 0.3979306538899739 0.03685624599456787 0.07475885461877893
0 0.6203715006510416 0.7040766963252314 0.011597824096679688 0.01914848045066551
