1 0.5134958894531394 0.7826823023676404 0.02512716541852932 0.11902456657698578
1 0.5420205434163412 0.6451225563331887 0.03377615610758464 0.09423116048177084
2 0.6790546623265008 0.6571257383180167 0.02311577616708617 0.11195632870489437
1 0.5540233352941333 0.5509516167783813 0.03107815256388959 0.09671575390180939
1 0.8878278096516928 0.464956168771398 0.02584372280828901 0.0879666328354024
1 0.5054365807767399 0.4651470707050524 0.024799027830873135 0.08810528507329911
1 0.26532421112060545 0.6795024730541088 0.03479957580566406 0.1071085046838831
1 0.406523323059082 0.6543395430953415 0.02356236775716146 0.0766262478298611
1 0.6537163810905104 0.5723900123878767 0.026979970331248743 0.0932114212601273
1 0.23622674942016603 0.6904058385778356 0.03246944745381673 0.09175867151331019
1 0.6509114547939643 0.4973843379517028 0.023965096140725128 0.09106039456297829
1 0.7198370532220476 0.4952966319152038 0.018352251828739192 0.09705378568492364
1 0.7011269251505534 0.4765437938548901 0.022734705607096353 0.08962040653935185
2 0.9501260066049544 0.3075902423289284 0.02219817955945977 0.07025406870043378
0 0.4378005457584863 0.7785129917469622 0.010810242978994616 0.01807478270124649
