1 0.6287038167317709 0.38098268862123846 0.021824455261230467 0.07840884173357929
1 0.48241138458251953 0.39227925053349255 0.032204723358154295 0.08096240008318865
1 0.7080781936645508 0.3599464699074074 0.031452051798502606 0.07445054230866609
1 0.6004559834798177 0.4663210833514178 0.02790940602620443 0.08453027230721932
1 0.4336826960245768 0.335138843677662 0.03180742263793945 0.06604173448350695
1 0.3317430178324382 0.35539141054506657 0.02541605631510417 0.0754323888708044
1 0.5334194819132486 0.487883617259838 0.020907719930013016 0.09022538926866319
1 0.765878931681315 0.39911182544849544 0.025272560119628907 0.0733536614312066
1 0.8153689066569011 0.4794806586371528 0.02573502858479818 0.07728008694118924
1 0.5479422887166341 0.30594962791160296 0.028753789265950524 0.06597100717050058
1 0.5311562856038412 0.38627324987340855 0.02592782974243164 0.08318761189778646
1 0.31208051045735674 0.39300390172887734 0.020949618021647135 0.09153340657552084
1 0.43397754033406577 0.6384966814959491 0.02605438232421875 0.08479591652199074
1 0.9793094635009766 0.3482955367476852 0.021280288696289062 0.07411823979130498
2 0.6615479151407878 0.5634497183340568 0.02516021728515625 0.09539625379774305
1 0.4215315500895182 0.6169344301576968 0.023954709370930985 0.0996561121057581
2 0.47293456395467115 0.1938025297941985 0.01910114288330078 0.0666531315556279
0 0.6060404459635416 0.39031086674443005 0.009892972310384114 0.020130129213686346
