0 0.3113599141438802 0.8528511895073784 0.05120935440063477 0.08959395797164352
1 0.5029148713597711 0.6288804497442239 0.08698310852050781 0.48932922864443457
1 0.038299274444580075 0.6388699193670565 0.07659854888916015 0.48428821257158733
1 0.4092328389485676 0.5986779405552555 0.12148008346557614 0.5568815411261797
1 0.32618345284611927 0.6063807937334168 0.1137551784515381 0.5424346923828125
1 0.7759566624959316 0.6085008004093236 0.09565289815266921 0.5307533791979905
1 0.6173109138536751 0.5766109463886974 0.16012240955664742 0.6597309104551554
1 0.8451338150216325 0.6020265090057346 0.0784179879434444 0.5461736309869896
1 0.9768081761006289 0.612858141160028 0.046383647798742086 0.5324947589098534
1 0.9190251572327044 0.6044723969252271 0.07547169811320727 0.540880503144654
