1 0.9810223897298177 0.5069826479311342 0.03206316630045573 0.12158804999457465
1 0.752459716796875 0.5221272786458333 0.032517433166503906 0.11297194869429977
1 0.6009115854899089 0.5369383635344329 0.02706400553385417 0.12151687056929977
1 0.918170674641927 0.5935484709563079 0.035692660013834636 0.1374394734700521
1 0.4757885477078036 0.5452926070601852 0.036231513593181865 0.1270017270688657
1 0.6555004119873047 0.4457244873046875 0.029912503560384118 0.11175480595341435
1 0.7988791147867839 0.3808051215277778 0.023755200703938804 0.09617049605758102
1 0.7926610310872395 0.5345525670934606 0.029354413350423172 0.1198142722800926
2 0.8166079203287759 0.5922741360134549 0.03722082773844401 0.1364508734809028
1 0.8037740071614583 0.44433619181315104 0.02828210194905599 0.10433185718677664
1 0.5607281366984049 0.47845809371383097 0.02581024169921875 0.11628796612774885
1 0.5018772443135578 0.4946030228226273 0.02418346405029297 0.11144437436704284
1 0.5790411631266276 0.46570327193648725 0.02670796712239583 0.1173368948477286
1 0.6679276148478189 0.40877637509946474 0.023327509562174484 0.09621717664930556
1 0.2681334813435872 0.40565343786168984 0.0345158576965332 0.0913288257740162
1 0.4950625101725261 0.4441638240107784 0.02181529998779297 0.0921807748300058
1 0.649437967936198 0.4091391951949508 0.01682147979736328 0.074383544921875
0 0.5459895170545758 0.3102743731279305 0.011158454879793708 0.021051778820835452
