1 0.6145894368489584 0.6315739384403936 0.0312679926554362 0.09387167471426505
1 0.8183452606201171 0.7743791933412905 0.03376483917236328 0.09989160608362269
1 0.1833321730295817 0.5329203287760417 0.02412271499633789 0.08656350594979745
1 0.694294548034668 0.6262758608217592 0.021081415812174476 0.08722731978804976
2 0.5467469533284505 0.5905818232783565 0.022975476582845055 0.08426847104673034
1 0.8357346852620442 0.663713695384838 0.02194913228352864 0.09582157841435185
1 0.5917141596476237 0.4534280847620081 0.017874399820963543 0.07623347529658565
1 0.8032066345214843 0.6647394250940394 0.02506599426269531 0.08654180456090858
1 0.4504024505615234 0.46675528067129624 0.023166879018147787 0.07381843284324363
1 0.6811965942382814 0.5364384403935185 0.01838029225667318 0.08483508074725116
1 0.643600591023763 0.5005314014576099 0.016859817504882812 0.08162593135127315
1 0.3191413243611654 0.38291459260163485 0.018985748291015625 0.07007101553457755
1 0.7287848154703775 0.5410417344835069 0.018364588419596355 0.07890252007378472
1 0.17131973902384443 0.38403554845739296 0.018084367116292317 0.05311318856698495
1 0.7390486399332683 0.5892197220413774 0.021137173970540366 0.08748881022135419
1 0.11881168683369955 0.3789540043583623 0.018885588645935057 0.07900509304470486
1 0.7655246734619141 0.6294313783998843 0.020219357808430993 0.08206871880425347
1 0.6301495234171549 0.48747309932002314 0.014468510945638023 0.07417334097403067
1 0.6781798044840496 0.48606233950014466 0.017775662740071616 0.05995751840096933
1 0.7009238560994467 0.5553663465711806 0.018134307861328126 0.09441132722077546
1 0.7513983408610027 0.6034634060329861 0.017956097920735676 0.08561101842809608
0 0.17264847587896714 0.40218007227498476 0.005761406295077194 0.009351847899255788
