2 0.7057342529296875 0.5642658374927662 0.028441429138183594 0.11589971471715858
1 0.8170490264892578 0.3582831488715278 0.02393932342529297 0.07940885755750868
1 0.5848318099975587 0.36639133029513893 0.02148005167643229 0.08240574024341725
1 0.9361033121744792 0.33986957691333913 0.022733243306477868 0.07751597651728877
1 0.6041252136230468 0.6647537231445313 0.026345252990722656 0.11593684443721065
1 0.3278158187866211 0.5652326230649595 0.023387686411539713 0.10960184733072915
1 0.4304827372233073 0.4564186096191406 0.02223602930704753 0.09800567626953124
1 0.41431456947158035 0.48968921070843413 0.024576287590851974 0.08992112104551002
1 0.5232260386149088 0.5375771981698495 0.033841673533121744 0.10904416684751156
1 0.3436495463053386 0.5125296133535879 0.025887012481689453 0.10669340910734953
1 0.4786963780721029 0.5106557210286459 0.021556854248046875 0.10499968352141203
1 0.46421527862548834 0.5068933557581019 0.02502981821695964 0.10126419067382812
1 0.30272655487060546 0.46829325358072915 0.022137228647867838 0.10074982819733797
1 0.3090680429551902 0.4910161649787668 0.021388914343929998 0.09934680460915848
1 0.3342305501302083 0.5094455295138889 0.019765949249267577 0.09941287570529514
1 0.5020636243320022 0.5383240026282801 0.022482363382975233 0.10088715491778599
2 0.7752753494171327 0.3024695111188214 0.013372571263721938 0.06863669731527763
0 0.7214094733634133 0.3318102816264652 0.005655936789598002 0.010557748673916052
1 0.6710009367261222 0.29724622346781077 0.015978021430614473 0.06108411732765731
1 0.40044770548341374 0.4844276363730458 0.014670043402821804 0.09584428356510251
1 0.389445172931297 0.4769296141893806 0.01613704774310348 0.09519228163608781
1 0.40356508970651317 0.4247694598682369 0.019437807508738834 0.04694413888902933
1 0.42887091457638077 0.4283554704778153 0.02677282921014959 0.08671625655890212
