1 0.08484436461010812 0.538912095896936 0.09060258070627841 0.41027767093426504
1 0.7816547393798828 0.5756585015190971 0.13715680440266928 0.49606566252531825
2 0.5568630002579601 0.5119370071976269 0.06722132244949831 0.2644501580132377
1 0.9336658765684891 0.5596213478712165 0.129072703955308 0.5427763133178968
1 0.5142575899759929 0.48446971752025464 0.02766672770182292 0.1236246179651331
0 0.3171902974446615 0.7079362657335069 0.050571346282958986 0.06042779993127893
1 0.8318960189819335 0.4959924203378183 0.05493761698404948 0.22633011429398148
1 0.36587581634521454 0.5087681778988411 0.05936673482259113 0.28160934981393404
1 0.4596235911051433 0.48825542308666087 0.04462877909342447 0.18846638997395837
1 0.6826506320785418 0.5321850065581859 0.08142211002373782 0.3121424932899708
1 0.920354453272788 0.4907134908466886 0.06966845194498693 0.22871500331150924
1 0.3400627526097331 0.5029599246405622 0.059567694993888705 0.3134492694206957
