1 0.5860132217407227 0.4035010443793403 0.04134623209635416 0.09802387378833911
1 0.768460782368978 0.47569150571469904 0.03840726216634115 0.11435351901584202
1 0.7368904113769531 0.4240572894061053 0.03690624237060547 0.10851262410481771
1 0.8641560872395833 0.5759770711263021 0.038069597880045575 0.13086841724537038
1 0.08667243321736652 0.44125318174008965 0.026083970069885255 0.09650149875217014
1 0.38640785217285156 0.5006801463939525 0.038504505157470705 0.11415815000180844
1 0.3164733250935873 0.6278053566261574 0.03927491505940755 0.1406953599717882
1 0.08895905017852783 0.3642068368417245 0.039057191212972006 0.09001592000325521
1 0.06504361629486084 0.4740049856680411 0.031154700120290122 0.1209940027307581
1 0.577306620279948 0.32162653605143227 0.026585769653320313 0.07962335657190393
1 0.6790924072265626 0.4411996629503039 0.036290486653645836 0.1101251107675058
1 0.674783452351888 0.36995431405526624 0.032756868998209634 0.08676353737160011
1 0.4052313486735026 0.3510596946433738 0.041138871510823564 0.08763436211480034
1 0.48069804509480796 0.3001819186740452 0.023552767435709634 0.07575737282081886
1 0.46854180638661524 0.40408832447680326 0.0317243445847551 0.09661175840998905
1 0.3962739944458008 0.3292355855305989 0.02473026911417643 0.06162250660083912
0 0.4224446778337699 0.36252845208125356 0.00842577205208933 0.012145257012020426
2 0.47425178977566884 0.4190038971871477 0.02504959258729165 0.09351847899255741
