1 0.164323 0.881481 0.046354 0.135185
1 0.233073 0.966204 0.029687 0.065741
2 0.179948 0.577315 0.021354 0.087963
1 0.532031 0.758333 0.031771 0.098148
1 0.360677 0.478241 0.011979 0.075000
1 0.539062 0.685185 0.026042 0.079630
1 0.222656 0.476389 0.023438 0.091667
1 0.414583 0.499074 0.015625 0.075926
1 0.133594 0.660648 0.043229 0.095370
1 0.451302 0.549537 0.019271 0.082407
1 0.177604 0.428704 0.023958 0.074074
0 0.534896 0.790741 0.007292 0.012963
1 0.210677 0.436574 0.023438 0.069444
1 0.507552 0.581481 0.027604 0.081481
1 0.689063 0.387500 0.031250 0.067593
