1 0.758333 0.559259 0.028125 0.120370
1 0.638281 0.461111 0.031771 0.109259
1 0.102344 0.518056 0.031771 0.121296
1 0.934115 0.589815 0.027604 0.142593
1 0.487760 0.492593 0.022396 0.122222
1 0.598698 0.431481 0.031771 0.098148
1 0.542708 0.424074 0.033333 0.094444
2 0.908333 0.559722 0.042708 0.130556
1 0.990365 0.543056 0.018229 0.086111
1 0.196615 0.706019 0.049479 0.154630
1 0.565104 0.520833 0.051042 0.113889
1 0.682813 0.470833 0.022917 0.106481
1 0.696875 0.450000 0.019792 0.100000
1 0.620052 0.483333 0.023438 0.109259
1 0.819271 0.434722 0.045833 0.108333
1 0.929427 0.495370 0.022396 0.101852
1 0.215885 0.593519 0.041146 0.137037
1 0.453125 0.509722 0.026042 0.113889
1 0.564063 0.424537 0.035417 0.095370
