1 0.778385 0.596759 0.024479 0.097222
1 0.608073 0.480093 0.017188 0.080556
1 0.144010 0.502315 0.021354 0.093519
1 0.485417 0.463426 0.022917 0.082407
1 0.682813 0.411111 0.018750 0.066667
1 0.517969 0.387037 0.011979 0.066667
0 0.817448 0.428241 0.006771 0.010185
1 0.593750 0.568056 0.026042 0.095370
1 0.460417 0.487037 0.025000 0.092593
1 0.953385 0.524074 0.032813 0.090741
1 0.165365 0.514815 0.026562 0.100000
1 0.333854 0.426852 0.015625 0.072222
1 0.485938 0.429630 0.023958 0.075926
1 0.805469 0.413889 0.029687 0.070370
1 0.617969 0.460648 0.020313 0.080556
2 0.368229 0.435185 0.018750 0.072222
1 0.758854 0.405093 0.019792 0.063889
1 0.922135 0.400926 0.022396 0.066667
