1 0.860156 0.421296 0.016146 0.066667
1 0.608333 0.673611 0.037500 0.108333
1 0.497917 0.725926 0.044792 0.131481
1 0.639062 0.412037 0.020833 0.070370
1 0.827344 0.487963 0.024479 0.081481
0 0.420573 0.806944 0.009896 0.015741
2 0.455729 0.482870 0.017708 0.069444
1 0.494792 0.408333 0.020833 0.062963
1 0.580208 0.442130 0.025000 0.069444
1 0.833073 0.454167 0.021354 0.076852
1 0.934635 0.546296 0.027604 0.085185
1 0.480729 0.781019 0.068750 0.043519
1 0.996094 0.581019 0.006771 0.091667
1 0.551823 0.569907 0.029687 0.087963
1 0.225260 0.627778 0.039062 0.105556
1 0.305208 0.477315 0.026042 0.067593
1 0.851042 0.616667 0.030208 0.096296
1 0.018490 0.560185 0.030729 0.094444
2 0.066406 0.306019 0.017188 0.041667
