1 0.416146 0.522685 0.030208 0.080556
1 0.202604 0.361111 0.017708 0.051852
0 0.147396 0.733333 0.009375 0.016667
1 0.343490 0.663426 0.050521 0.095370
1 0.206510 0.712963 0.060937 0.100000
2 0.669271 0.301852 0.013542 0.027778
1 0.701302 0.542593 0.027604 0.088889
1 0.561979 0.378704 0.018750 0.050000
1 0.522917 0.413889 0.027083 0.062963
1 0.769271 0.396759 0.019792 0.045370
1 0.900521 0.593519 0.033333 0.087037
1 0.986979 0.524074 0.025000 0.085185
2 0.822656 0.495370 0.033854 0.072222
1 0.924219 0.678704 0.036979 0.112963
