1 0.636458 0.965278 0.031250 0.067593
1 0.447656 0.963889 0.027604 0.070370
2 0.695573 0.640278 0.036979 0.093519
1 0.285417 0.656019 0.031250 0.091667
1 0.788021 0.565741 0.027083 0.087037
1 0.817708 0.738426 0.030208 0.106481
1 0.055208 0.577315 0.027083 0.093519
1 0.214323 0.503704 0.019271 0.090741
1 0.607292 0.615741 0.029167 0.088889
1 0.443490 0.504167 0.013021 0.084259
1 0.793750 0.543981 0.029167 0.084259
1 0.319010 0.552778 0.022396 0.087037
1 0.583854 0.646296 0.043750 0.090741
1 0.181771 0.565741 0.036458 0.098148
1 0.454167 0.558333 0.022917 0.079630
1 0.344010 0.461111 0.023438 0.081481
1 0.273438 0.481944 0.020833 0.084259
1 0.615104 0.463889 0.020833 0.079630
1 0.068750 0.470833 0.020833 0.091667
1 0.359896 0.505556 0.017708 0.081481
2 0.568229 0.269907 0.017708 0.056481
0 0.361979 0.493056 0.006250 0.012037
1 0.757552 0.425000 0.021354 0.074074
