1 0.503125 0.541204 0.025000 0.095370
1 0.270573 0.421296 0.027604 0.068519
1 0.497396 0.641667 0.026042 0.098148
1 0.238021 0.551852 0.022917 0.096296
1 0.542969 0.699537 0.027604 0.110185
1 0.135937 0.692593 0.023958 0.120370
1 0.430990 0.562037 0.036979 0.077778
1 0.420052 0.469444 0.026562 0.072222
1 0.573177 0.523611 0.024479 0.087963
0 0.506771 0.678704 0.007292 0.012963
1 0.023438 0.664352 0.036458 0.121296
1 0.688281 0.593056 0.028646 0.091667
1 0.095833 0.900926 0.051042 0.155556
1 0.895573 0.460185 0.024479 0.066667
