1 0.401042 0.395370 0.017708 0.070370
1 0.651042 0.659722 0.034375 0.089815
1 0.915365 0.772685 0.054688 0.121296
1 0.577083 0.369907 0.017708 0.073148
1 0.233073 0.404630 0.018229 0.074074
1 0.544531 0.502315 0.020313 0.080556
1 0.530208 0.454167 0.020833 0.087963
0 0.530729 0.667593 0.011458 0.016667
2 0.133854 0.472222 0.017708 0.090741
1 0.365365 0.396759 0.018229 0.071296
1 0.385417 0.428704 0.016667 0.079630
1 0.892448 0.722685 0.027604 0.119444
1 0.533594 0.451852 0.019271 0.081481
1 0.586458 0.538426 0.021875 0.089815
1 0.611719 0.696759 0.035937 0.110185
1 0.679688 0.675926 0.032292 0.092593
1 0.227344 0.632407 0.032813 0.111111
1 0.252083 0.532870 0.028125 0.093519
