1 0.551562 0.333333 0.020833 0.070370
1 0.690104 0.582870 0.042708 0.093519
1 0.844792 0.762037 0.053125 0.140741
1 0.933073 0.333333 0.023438 0.074074
1 0.334635 0.402778 0.027604 0.083333
1 0.610938 0.513889 0.032292 0.096296
1 0.554427 0.472685 0.032813 0.099074
0 0.709896 0.629630 0.008333 0.016667
2 0.198437 0.418519 0.026042 0.087037
1 0.451042 0.381019 0.025000 0.076852
1 0.490885 0.421296 0.032813 0.085185
1 0.853906 0.589815 0.045312 0.090741
1 0.659115 0.406481 0.028646 0.079630
1 0.550260 0.504167 0.027604 0.093519
1 0.448698 0.709722 0.038021 0.125000
1 0.689063 0.571759 0.039583 0.095370
1 0.385677 0.580093 0.025521 0.102778
1 0.076563 0.623148 0.038542 0.124074
1 0.005469 0.370833 0.010937 0.075000
1 0.387240 0.494444 0.019271 0.098148
