1 0.500260 0.836111 0.032813 0.131481
1 0.163542 0.526389 0.017708 0.084259
1 0.103385 0.412500 0.013021 0.062037
1 0.515885 0.375926 0.007812 0.057407
1 0.191927 0.354167 0.013021 0.052778
1 0.340885 0.302315 0.004687 0.039815
1 0.377865 0.343519 0.008854 0.050000
1 0.497396 0.347685 0.009375 0.049074
1 0.496354 0.325463 0.009375 0.041667
1 0.500781 0.292130 0.007812 0.036111
2 0.269271 0.271296 0.007292 0.022222
0 0.500521 0.398611 0.005208 0.008333
1 0.728385 0.571759 0.016146 0.089815
1 0.533854 0.443056 0.020833 0.075000
1 0.663542 0.402315 0.010417 0.065741
1 0.548698 0.335185 0.011979 0.050000
1 0.535937 0.309259 0.009375 0.042593
1 0.692969 0.358333 0.007812 0.053704
1 0.932813 0.403241 0.009375 0.062037
1 0.829427 0.348148 0.009896 0.046296
2 0.368490 0.323148 0.009896 0.046296
1 0.721354 0.310185 0.010417 0.042593
