2 0.516927 0.462037 0.023438 0.111111
1 0.469792 0.368519 0.029167 0.087037
1 0.253906 0.444907 0.026562 0.102778
1 0.620313 0.650463 0.038542 0.143519
1 0.214062 0.707407 0.044792 0.148148
1 0.085417 0.443056 0.029167 0.110185
1 0.339844 0.316204 0.026562 0.076852
0 0.522396 0.422685 0.006250 0.010185
1 0.517969 0.378704 0.024479 0.083333
1 0.567187 0.475463 0.036458 0.117593
1 0.765104 0.418056 0.021875 0.100926
1 0.698698 0.362037 0.024479 0.083333
1 0.803125 0.487963 0.025000 0.124074
1 0.924740 0.376389 0.029687 0.097222
1 0.962500 0.382870 0.037500 0.093519
