1 0.858854 0.838426 0.053125 0.102778
1 0.548958 0.879630 0.029167 0.098148
2 0.895833 0.480093 0.017708 0.062037
1 0.482812 0.634722 0.020833 0.071296
1 0.997656 0.467130 0.003646 0.008333
1 0.538021 0.643519 0.036458 0.068519
1 0.345833 0.489815 0.013542 0.066667
1 0.403646 0.405556 0.013542 0.061111
1 0.924219 0.488889 0.020313 0.070370
1 0.721354 0.336574 0.016667 0.056481
1 0.626563 0.462037 0.016667 0.064815
1 0.930208 0.520833 0.022917 0.069444
1 0.344010 0.440278 0.014063 0.041667
1 0.672396 0.494907 0.013542 0.063889
1 0.556771 0.369444 0.011458 0.062963
1 0.459635 0.392130 0.013021 0.060185
1 0.864323 0.375463 0.020313 0.063889
1 0.287240 0.368519 0.017188 0.066667
1 0.308854 0.402778 0.022917 0.068519
2 0.664844 0.218519 0.010937 0.044444
0 0.467969 0.689815 0.006771 0.011111
1 0.908594 0.372685 0.021354 0.062037
