1 0.717969 0.581019 0.024479 0.099074
1 0.551302 0.484259 0.022396 0.085185
1 0.039583 0.516667 0.028125 0.098148
1 0.416406 0.476852 0.017188 0.083333
1 0.645052 0.410648 0.020313 0.063889
1 0.434635 0.386111 0.010937 0.066667
0 0.799479 0.419444 0.005208 0.009259
1 0.479427 0.575463 0.025521 0.095370
1 0.389062 0.503241 0.022917 0.095370
1 0.929948 0.522222 0.030729 0.087037
1 0.070573 0.524537 0.026562 0.100926
1 0.237240 0.433333 0.019271 0.077778
1 0.402604 0.429167 0.029167 0.073148
1 0.745052 0.406944 0.016146 0.063889
1 0.556510 0.460648 0.020313 0.080556
2 0.337760 0.444444 0.024479 0.077778
1 0.732292 0.393056 0.016667 0.060185
1 0.804167 0.403241 0.021875 0.041667
