0 0.701562 0.562963 0.011458 0.016667
1 0.073177 0.694907 0.041146 0.126852
2 0.311979 0.295833 0.018750 0.037963
1 0.227344 0.485185 0.019271 0.092593
1 0.185156 0.376852 0.013021 0.059259
1 0.159375 0.407870 0.017708 0.076852
1 0.518490 0.491667 0.022396 0.083333
1 0.374219 0.391204 0.016146 0.058333
1 0.582292 0.465741 0.021875 0.077778
1 0.550521 0.579630 0.041667 0.100000
1 0.651563 0.461574 0.016667 0.078704
2 0.564844 0.442130 0.019271 0.076852
1 0.459375 0.675463 0.031250 0.082407
1 0.474479 0.721296 0.068750 0.131481
1 0.894531 0.396296 0.014063 0.066667
1 0.863281 0.397222 0.016146 0.068519
1 0.909896 0.748611 0.039583 0.119444
1 0.964844 0.444907 0.019271 0.080556
1 0.978385 0.544907 0.032813 0.097222
1 0.883854 0.613426 0.042708 0.095370
1 0.922656 0.652315 0.048438 0.113889
