1 0.879427 0.365741 0.016146 0.072222
1 0.820833 0.481019 0.022917 0.087963
1 0.927604 0.304167 0.018750 0.067593
1 0.676042 0.281944 0.017708 0.058333
1 0.783333 0.392593 0.018750 0.074074
1 0.429427 0.418519 0.019271 0.085185
0 0.458854 0.174537 0.010417 0.025000
2 0.477604 0.367593 0.017708 0.072222
1 0.698698 0.316204 0.021354 0.062037
1 0.641406 0.376389 0.022396 0.075000
1 0.794010 0.362963 0.017188 0.074074
1 0.799219 0.436111 0.017188 0.083333
1 0.916406 0.621759 0.022396 0.108333
1 0.854688 0.450000 0.023958 0.075926
1 0.401562 0.758796 0.029167 0.126852
1 0.383594 0.737500 0.030729 0.123148
1 0.304427 0.313889 0.019271 0.057407
1 0.364323 0.351852 0.017188 0.068519
1 0.352344 0.741204 0.050521 0.137963
1 0.085677 0.738426 0.041146 0.141667
