1 0.658073 0.434259 0.011979 0.059259
1 0.532813 0.397222 0.011458 0.046296
1 0.519010 0.536574 0.014063 0.073148
1 0.267448 0.511111 0.014063 0.066667
1 0.774479 0.519444 0.019792 0.077778
1 0.597396 0.470370 0.016667 0.055556
2 0.037240 0.365741 0.010937 0.037037
1 0.122917 0.444444 0.014583 0.057407
1 0.860677 0.536111 0.018229 0.072222
1 0.610417 0.442130 0.014583 0.056481
1 0.591927 0.452315 0.014063 0.062037
1 0.482292 0.396296 0.016667 0.053704
1 0.618490 0.436574 0.014063 0.060185
1 0.081771 0.573611 0.016667 0.082407
1 0.046354 0.513426 0.015625 0.067593
1 0.083594 0.455093 0.009896 0.054630
2 0.474740 0.468056 0.013021 0.056481
1 0.147656 0.522222 0.015104 0.068519
0 0.926302 0.466204 0.003646 0.006481
1 0.484896 0.455093 0.015625 0.060185
1 0.757031 0.500463 0.014063 0.063889
1 0.285677 0.627315 0.023438 0.086111
1 0.672135 0.639352 0.017188 0.086111
1 0.931250 0.453704 0.015625 0.033333
