1 0.655208 0.478241 0.019792 0.065741
1 0.883594 0.451852 0.017188 0.066667
1 0.820833 0.449537 0.012500 0.067593
1 0.785156 0.461574 0.017188 0.069444
1 0.720573 0.443981 0.020313 0.069444
1 0.674740 0.430093 0.014063 0.058333
1 0.710156 0.441204 0.020313 0.062037
2 0.809896 0.524074 0.021875 0.079630
1 0.895573 0.462963 0.014063 0.064815
1 0.095573 0.537963 0.021354 0.057407
1 0.845833 0.445833 0.016667 0.062037
1 0.808073 0.456019 0.016146 0.063889
1 0.853385 0.451852 0.013021 0.064815
1 0.898177 0.513889 0.017188 0.077778
0 0.100781 0.558796 0.007812 0.012037
1 0.945573 0.463889 0.017188 0.070370
1 0.900000 0.459259 0.015625 0.062963
