1 0.568490 0.476389 0.022396 0.086111
1 0.501823 0.433333 0.028646 0.070370
0 0.206771 0.575463 0.013542 0.008333
1 0.225781 0.524074 0.027604 0.090741
1 0.541667 0.598148 0.026042 0.122222
1 0.385417 0.575463 0.028125 0.125000
1 0.602083 0.480556 0.028125 0.083333
1 0.627083 0.458333 0.023958 0.087037
1 0.744010 0.438426 0.023438 0.071296
1 0.558333 0.522685 0.023958 0.091667
1 0.843750 0.644444 0.031250 0.129630
1 0.981250 0.549537 0.025000 0.115741
2 0.599219 0.573611 0.026562 0.119444
1 0.752604 0.921759 0.042708 0.154630
1 0.872917 0.435648 0.026042 0.080556
1 0.069531 0.549074 0.039062 0.090741
