2 0.801042 0.297685 0.014583 0.054630
2 0.778125 0.558333 0.025000 0.083333
1 0.283073 0.506019 0.033854 0.076852
1 0.695312 0.390278 0.026042 0.054630
1 0.603385 0.912500 0.033854 0.145370
1 0.357292 0.520833 0.017708 0.080556
1 0.412240 0.685648 0.025521 0.104630
1 0.498698 0.510648 0.028646 0.075000
1 0.958073 0.400463 0.025521 0.058333
1 0.602865 0.462037 0.027604 0.062963
0 0.225781 0.558796 0.006771 0.010185
1 0.795312 0.755093 0.035417 0.126852
1 0.724479 0.416204 0.021875 0.063889
1 0.850000 0.714352 0.034375 0.108333
1 0.197396 0.397222 0.016667 0.057407
