1 0.192448 0.393056 0.021354 0.104630
2 0.004427 0.140741 0.008854 0.048148
1 0.223438 0.703241 0.040625 0.162037
1 0.031510 0.352315 0.018229 0.093519
2 0.062240 0.517593 0.042188 0.125926
1 0.641406 0.728241 0.053646 0.158333
1 0.642969 0.739352 0.038021 0.156481
1 0.667448 0.449537 0.030729 0.117593
1 0.423438 0.380556 0.019792 0.103704
1 0.164062 0.525463 0.045833 0.126852
1 0.253906 0.839352 0.034896 0.186111
0 0.455208 0.620833 0.019792 0.019444
1 0.331250 0.916204 0.068750 0.165741
1 0.569531 0.688889 0.056771 0.172222
