1 0.596875 0.497222 0.020833 0.077778
1 0.647656 0.448611 0.024479 0.073148
1 0.445833 0.449537 0.026042 0.078704
1 0.765104 0.497222 0.021875 0.079630
1 0.538542 0.461574 0.029167 0.078704
1 0.590885 0.428704 0.017188 0.062963
1 0.552604 0.445833 0.027083 0.060185
2 0.721875 0.520833 0.027083 0.087963
1 0.836458 0.456481 0.013542 0.075926
2 0.982292 0.357870 0.017708 0.050926
1 0.729427 0.443056 0.018229 0.073148
1 0.644010 0.431481 0.018229 0.064815
1 0.664844 0.443056 0.018229 0.065741
1 0.604948 0.451852 0.023438 0.066667
1 0.962500 0.556481 0.019792 0.100000
0 0.554688 0.413426 0.008333 0.015741
1 0.749479 0.447685 0.017708 0.075000
1 0.818750 0.456481 0.026042 0.066667
1 0.439844 0.478241 0.030729 0.071296
1 0.651823 0.448611 0.034896 0.071296
1 0.757031 0.444444 0.022396 0.074074
