1 0.484115 0.540278 0.031771 0.093519
1 0.253125 0.426852 0.022917 0.072222
1 0.482031 0.640278 0.027604 0.100926
1 0.223438 0.555093 0.029167 0.095370
1 0.540365 0.694444 0.029687 0.112963
1 0.109375 0.699074 0.035417 0.125926
1 0.427604 0.577315 0.041667 0.086111
1 0.402604 0.473611 0.027083 0.075000
1 0.555990 0.529630 0.024479 0.085185
0 0.485417 0.679630 0.007292 0.012963
1 0.006771 0.662037 0.013542 0.107407
1 0.666667 0.595370 0.025000 0.094444
1 0.082552 0.911111 0.054688 0.159259
1 0.874479 0.462963 0.025000 0.064815
