1 0.573438 0.578704 0.022917 0.100000
1 0.315625 0.479167 0.014583 0.086111
1 0.084896 0.529167 0.019792 0.099074
1 0.261198 0.403704 0.014063 0.072222
1 0.173437 0.376852 0.015625 0.066667
0 0.601823 0.376389 0.006771 0.010185
1 0.130990 0.552315 0.026562 0.108333
1 0.762500 0.553241 0.022917 0.095370
1 0.117188 0.436574 0.020833 0.082407
1 0.462500 0.428241 0.020833 0.076852
1 0.338021 0.423611 0.014583 0.073148
2 0.033073 0.492593 0.025521 0.088889
1 0.400260 0.351389 0.019271 0.056481
1 0.609635 0.406019 0.015104 0.073148
