0 0.350521 0.414352 0.008333 0.013889
2 0.171354 0.345833 0.016667 0.054630
1 0.228385 0.545833 0.021354 0.093519
1 0.293229 0.703241 0.032292 0.134259
1 0.279948 0.444907 0.022396 0.075000
1 0.237500 0.671759 0.031250 0.126852
1 0.392969 0.459259 0.020313 0.077778
2 0.512240 0.564352 0.019271 0.100926
1 0.471354 0.600463 0.048958 0.113889
1 0.546354 0.609722 0.023958 0.106481
1 0.653646 0.616204 0.026042 0.117593
1 0.635677 0.531944 0.024479 0.095370
1 0.751302 0.523611 0.029687 0.091667
1 0.498437 0.925000 0.046875 0.148148
1 0.915885 0.563426 0.032813 0.108333
1 0.949479 0.808333 0.035417 0.151852
