1 0.823958 0.363889 0.020833 0.072222
1 0.731771 0.498148 0.026042 0.090741
1 0.968750 0.663426 0.037500 0.121296
1 0.939844 0.306019 0.018229 0.069444
1 0.648958 0.290278 0.014583 0.056481
1 0.766667 0.400926 0.018750 0.072222
1 0.406250 0.452315 0.019792 0.093519
2 0.442448 0.387500 0.018229 0.076852
1 0.646875 0.323148 0.016667 0.064815
1 0.628385 0.410648 0.017188 0.078704
1 0.752865 0.374074 0.018229 0.075926
1 0.729948 0.456481 0.021354 0.079630
1 0.834635 0.650000 0.031771 0.112963
1 0.850260 0.440278 0.021354 0.084259
1 0.417708 0.762963 0.033333 0.146296
1 0.337240 0.734722 0.034896 0.139815
1 0.269010 0.323611 0.016146 0.052778
1 0.350000 0.364352 0.020833 0.067593
1 0.311458 0.737037 0.031250 0.146296
1 0.061458 0.756019 0.040625 0.145370
