1 0.586979 0.527315 0.023958 0.093519
1 0.551562 0.461574 0.018750 0.087963
1 0.220833 0.493981 0.034375 0.087963
1 0.753385 0.546759 0.018229 0.112037
1 0.429427 0.488426 0.020313 0.100926
1 0.522396 0.441204 0.022917 0.071296
1 0.503646 0.452315 0.025000 0.065741
2 0.675521 0.543981 0.023958 0.106481
1 0.791667 0.488426 0.016667 0.086111
2 0.967448 0.355556 0.021354 0.051852
1 0.666146 0.474074 0.025000 0.081481
1 0.595573 0.443056 0.019271 0.071296
1 0.567969 0.450000 0.025521 0.081481
1 0.535156 0.475463 0.022396 0.086111
1 0.959635 0.589815 0.030729 0.114815
0 0.468750 0.412037 0.007292 0.012963
1 0.647917 0.441667 0.018750 0.077778
1 0.776563 0.482407 0.023958 0.088889
1 0.184896 0.522685 0.039583 0.087963
1 0.495312 0.462963 0.026042 0.081481
1 0.601302 0.437037 0.025521 0.070370
