1 0.635938 0.476389 0.019792 0.065741
1 0.879427 0.452778 0.017188 0.066667
1 0.811458 0.451389 0.013542 0.069444
1 0.763542 0.462963 0.022917 0.068519
1 0.734896 0.446296 0.021875 0.068519
1 0.677344 0.429630 0.013021 0.057407
1 0.700260 0.440278 0.026562 0.062037
2 0.788802 0.526389 0.020313 0.080556
1 0.898438 0.464815 0.013542 0.066667
1 0.093229 0.537500 0.021875 0.058333
1 0.864062 0.447685 0.014583 0.063889
1 0.786719 0.457407 0.014063 0.062963
1 0.857552 0.453241 0.013021 0.063889
1 0.877865 0.509259 0.020313 0.075926
0 0.091927 0.559722 0.006771 0.012037
1 0.932292 0.463889 0.015625 0.068519
1 0.910677 0.460648 0.016146 0.063889
