0 0.129948 0.166204 0.009896 0.015741
1 0.081250 0.810185 0.075000 0.131481
1 0.016146 0.576852 0.028125 0.111111
1 0.124219 0.572685 0.050521 0.119444
1 0.122396 0.476852 0.037500 0.094444
2 0.350521 0.311574 0.014583 0.050926
1 0.422917 0.528704 0.041667 0.092593
1 0.465625 0.712500 0.046875 0.134259
1 0.467187 0.425926 0.030208 0.077778
1 0.377344 0.687963 0.048438 0.137037
1 0.586458 0.442593 0.022917 0.087037
2 0.721875 0.574537 0.029167 0.115741
1 0.628646 0.636574 0.038542 0.128704
1 0.779167 0.602778 0.032292 0.125926
1 0.907552 0.632407 0.058854 0.129630
1 0.856771 0.530093 0.044792 0.113889
1 0.978906 0.520833 0.041146 0.110185
1 0.601823 0.927778 0.059896 0.142593
