1 0.141667 0.826852 0.031250 0.146296
1 0.321094 0.618056 0.026562 0.093519
2 0.621354 0.533796 0.016667 0.091667
1 0.656250 0.458333 0.016667 0.079630
1 0.829948 0.497685 0.019271 0.086111
1 0.713021 0.475926 0.037500 0.085185
1 0.761719 0.456019 0.029687 0.071296
1 0.617708 0.341204 0.018750 0.052778
1 0.556510 0.414352 0.017188 0.080556
1 0.614583 0.379167 0.019792 0.075000
1 0.796875 0.388889 0.019792 0.077778
1 0.646615 0.350000 0.016146 0.075926
1 0.540104 0.408796 0.014583 0.078704
1 0.664583 0.353241 0.020833 0.075000
1 0.694531 0.354630 0.018229 0.072222
1 0.684896 0.341204 0.018750 0.076852
1 0.704427 0.335648 0.013021 0.075000
1 0.754687 0.287037 0.019792 0.074074
1 0.703906 0.321296 0.013021 0.079630
1 0.432812 0.277315 0.023958 0.069444
2 0.990885 0.138889 0.015104 0.050000
0 0.267448 0.856019 0.008854 0.015741
1 0.980208 0.226389 0.016667 0.063889
