1 0.562240 0.501852 0.042188 0.142593
1 0.234115 0.553241 0.038021 0.154630
1 0.652865 0.182870 0.026562 0.108333
1 0.991927 0.332407 0.015104 0.122222
1 0.259635 0.249537 0.040104 0.125000
0 0.064583 0.713889 0.016667 0.027778
2 0.614583 0.486574 0.031250 0.149074
1 0.501823 0.118981 0.019271 0.095370
1 0.470573 0.209259 0.026562 0.111111
1 0.992188 0.211111 0.014583 0.092593
1 0.755469 0.601389 0.048438 0.149074
1 0.588021 0.407870 0.030208 0.143519
1 0.208073 0.215278 0.032813 0.100926
1 0.513021 0.343056 0.035417 0.125000
