2 0.397135 0.445370 0.027604 0.107407
1 0.485938 0.385185 0.026042 0.094444
1 0.235417 0.437037 0.020833 0.098148
1 0.605208 0.621296 0.040625 0.131481
1 0.262760 0.714352 0.045312 0.137963
1 0.031771 0.431019 0.018750 0.108333
1 0.365365 0.304630 0.028646 0.077778
0 0.457552 0.446759 0.004687 0.010185
1 0.463021 0.389352 0.020833 0.075000
1 0.463021 0.452315 0.030208 0.110185
1 0.670573 0.413426 0.019271 0.099074
1 0.650000 0.354630 0.023958 0.085185
1 0.720313 0.470833 0.025000 0.113889
1 0.776563 0.369907 0.023958 0.093519
1 0.835677 0.377778 0.030729 0.096296
