1 0.531510 0.335185 0.019271 0.070370
1 0.688281 0.586111 0.041146 0.094444
1 0.845833 0.753704 0.053125 0.133333
1 0.910156 0.334259 0.024479 0.074074
1 0.312500 0.404167 0.023958 0.082407
1 0.598177 0.511111 0.030729 0.098148
1 0.549219 0.463426 0.032813 0.099074
0 0.703646 0.632407 0.008333 0.016667
2 0.181250 0.419444 0.029167 0.087037
1 0.433854 0.381019 0.026042 0.075000
1 0.482552 0.419907 0.034896 0.086111
1 0.844792 0.589815 0.032292 0.090741
1 0.646875 0.407870 0.027083 0.080556
1 0.541927 0.504630 0.030729 0.094444
1 0.440104 0.709259 0.037500 0.124074
1 0.684635 0.575926 0.041146 0.094444
1 0.367708 0.579167 0.023958 0.102778
1 0.060677 0.624074 0.034896 0.124074
1 0.372656 0.494907 0.019271 0.097222
