1 0.508333 0.821759 0.038542 0.141667
1 0.586979 0.830556 0.037500 0.109259
2 0.002083 0.659722 0.004167 0.026852
1 0.362500 0.737963 0.029167 0.120370
1 0.274740 0.575463 0.026562 0.102778
1 0.382812 0.700000 0.023958 0.114815
1 0.342187 0.503241 0.025000 0.073148
1 0.346094 0.575000 0.026562 0.103704
1 0.235417 0.687500 0.035417 0.117593
1 0.350260 0.639352 0.024479 0.108333
1 0.248958 0.418056 0.029167 0.093519
0 0.439323 0.157407 0.007812 0.012963
1 0.304688 0.456019 0.031250 0.093519
1 0.328125 0.681944 0.020833 0.119444
1 0.581510 0.437963 0.015104 0.092593
