1 0.144010 0.836111 0.030729 0.127778
1 0.317708 0.620370 0.022917 0.092593
2 0.621875 0.533333 0.018750 0.092593
1 0.662760 0.495833 0.015104 0.086111
1 0.831250 0.531944 0.019792 0.089815
1 0.723698 0.505093 0.015104 0.087963
1 0.884375 0.469907 0.019792 0.082407
1 0.585677 0.368519 0.021354 0.079630
1 0.561198 0.413426 0.020313 0.078704
1 0.616927 0.374537 0.017188 0.075000
1 0.806250 0.389352 0.027083 0.078704
1 0.653385 0.347222 0.020313 0.072222
1 0.571615 0.398148 0.018229 0.072222
1 0.665365 0.356481 0.019271 0.077778
1 0.692969 0.356019 0.013021 0.073148
1 0.689063 0.339352 0.018750 0.076852
1 0.704948 0.333796 0.014063 0.075000
1 0.730469 0.312037 0.016146 0.075926
1 0.704167 0.322685 0.014583 0.084259
1 0.437760 0.276852 0.030729 0.070370
2 0.994531 0.138889 0.009896 0.048148
0 0.268490 0.855093 0.008854 0.015741
