1 0.526302 0.484259 0.028646 0.090741
1 0.335938 0.437500 0.036458 0.069444
0 0.638542 0.544907 0.007292 0.015741
1 0.108333 0.524074 0.042708 0.116667
1 0.405990 0.491667 0.021354 0.103704
1 0.424740 0.514815 0.027604 0.125926
1 0.228385 0.506019 0.021354 0.113889
1 0.716667 0.510185 0.042708 0.111111
1 0.996875 0.531944 0.005208 0.008333
1 0.597135 0.452315 0.019271 0.084259
1 0.607031 0.509259 0.025521 0.098148
1 0.675260 0.548148 0.027604 0.112963
1 0.756771 0.536111 0.043750 0.087037
2 0.629948 0.572685 0.033854 0.128704
1 0.353125 0.902315 0.047917 0.193519
1 0.694010 0.415278 0.021354 0.099074
