1 0.665885 0.553241 0.028646 0.106481
1 0.588021 0.472222 0.029167 0.098148
1 0.146615 0.511574 0.026562 0.099074
1 0.841406 0.583333 0.022396 0.129630
1 0.448958 0.500463 0.023958 0.113889
1 0.554427 0.446296 0.030729 0.087037
1 0.518750 0.450463 0.020833 0.063889
2 0.774219 0.558333 0.046354 0.114815
1 0.865625 0.527315 0.026042 0.100926
1 0.012760 0.678704 0.025521 0.131481
1 0.643750 0.509259 0.025000 0.098148
1 0.638802 0.457407 0.021354 0.074074
1 0.616667 0.457870 0.019792 0.087963
1 0.572396 0.489352 0.018750 0.097222
0 0.514062 0.451852 0.005208 0.011111
1 0.715885 0.444444 0.021354 0.092593
1 0.839844 0.504167 0.025521 0.100926
1 0.132031 0.569907 0.031771 0.106481
1 0.458594 0.491204 0.021354 0.099074
1 0.552083 0.440278 0.022917 0.087963
