1 0.491406 0.849074 0.030729 0.137037
1 0.171875 0.524537 0.021875 0.082407
1 0.121094 0.408333 0.009896 0.061111
1 0.518490 0.375926 0.008854 0.055556
1 0.191927 0.354630 0.013021 0.053704
1 0.357031 0.303704 0.007812 0.038889
1 0.362760 0.342130 0.008854 0.050926
1 0.497917 0.349074 0.009375 0.050000
1 0.496354 0.326389 0.007292 0.039815
1 0.500260 0.292593 0.007812 0.035185
2 0.292187 0.268056 0.005208 0.025000
0 0.501042 0.398148 0.004167 0.007407
1 0.745052 0.565741 0.018229 0.087037
1 0.528906 0.442130 0.017188 0.076852
1 0.670052 0.402778 0.011979 0.064815
1 0.547917 0.334259 0.012500 0.048148
1 0.536979 0.310648 0.009375 0.039815
1 0.692448 0.358333 0.006771 0.053704
1 0.933333 0.401389 0.011458 0.058333
1 0.832552 0.348148 0.007812 0.046296
2 0.369271 0.327778 0.010417 0.046296
1 0.722135 0.309722 0.010937 0.039815
