1 0.365365 0.623148 0.042188 0.125926
1 0.653906 0.526852 0.038021 0.118519
1 0.745052 0.568981 0.034896 0.121296
1 0.911198 0.473611 0.030729 0.102778
1 0.247135 0.524537 0.045312 0.093519
2 0.573438 0.649074 0.038542 0.144444
1 0.976823 0.658333 0.038021 0.144444
1 0.881510 0.511111 0.030729 0.112963
2 0.992969 0.399074 0.013021 0.079630
0 0.297656 0.409259 0.010937 0.020370
1 0.374219 0.558796 0.039062 0.110185
1 0.381510 0.547685 0.039062 0.106481
1 0.383073 0.543981 0.034896 0.108333
1 0.386198 0.578704 0.067187 0.122222
1 0.028125 0.655556 0.039583 0.137037
