1 0.120313 0.832870 0.051042 0.108333
1 0.065885 0.790278 0.040104 0.082407
2 0.504427 0.399074 0.026562 0.061111
1 0.482812 0.750463 0.036458 0.080556
1 0.701562 0.325926 0.017708 0.051852
1 0.478385 0.691204 0.028646 0.078704
1 0.007812 0.569444 0.015625 0.072222
1 0.005990 0.396296 0.011979 0.070370
1 0.591927 0.325463 0.025521 0.054630
1 0.384896 0.212037 0.015625 0.046296
1 0.687760 0.293056 0.020313 0.049074
1 0.437500 0.428241 0.021875 0.069444
1 0.663021 0.386574 0.022917 0.056481
1 0.350521 0.495370 0.022917 0.070370
1 0.235156 0.279167 0.016146 0.054630
1 0.122396 0.328704 0.015625 0.059259
1 0.559115 0.278704 0.014063 0.051852
2 0.241146 0.118981 0.010417 0.032407
0 0.529948 0.868981 0.008854 0.015741
1 0.603125 0.269907 0.022917 0.050926
1 0.773177 0.466204 0.025521 0.069444
2 0.903125 0.965278 0.041667 0.067593
