2 0.409896 0.433333 0.025000 0.096296
1 0.423438 0.343519 0.021875 0.074074
1 0.406510 0.413889 0.023438 0.088889
1 0.744010 0.626852 0.030729 0.129630
1 0.402604 0.675463 0.029167 0.141667
1 0.479948 0.336111 0.017188 0.062963
0 0.543750 0.399074 0.006250 0.009259
1 0.559115 0.488889 0.020313 0.103704
1 0.118750 0.373148 0.025000 0.088889
1 0.673177 0.403704 0.022396 0.088889
1 0.526042 0.331019 0.021875 0.062037
1 0.695052 0.482407 0.022396 0.109259
1 0.547135 0.369907 0.026562 0.075000
1 0.772656 0.379630 0.020313 0.083333
1 0.825000 0.487500 0.019792 0.104630
