1 0.490885 0.530556 0.029687 0.088889
1 0.220833 0.436574 0.027083 0.080556
1 0.478385 0.616204 0.029687 0.104630
1 0.210417 0.568056 0.028125 0.097222
1 0.581771 0.666667 0.038542 0.105556
1 0.078385 0.707407 0.044271 0.135185
1 0.411198 0.594907 0.035937 0.093519
1 0.392448 0.487037 0.026562 0.081481
1 0.497135 0.534722 0.034896 0.086111
0 0.258073 0.614352 0.010937 0.012037
1 0.007031 0.656944 0.014063 0.115741
1 0.623177 0.586574 0.028646 0.100926
1 0.090885 0.927315 0.053646 0.141667
1 0.810417 0.472685 0.023958 0.073148
