1 0.492448 0.848148 0.031771 0.135185
1 0.178906 0.520370 0.016146 0.081481
1 0.120052 0.408796 0.008854 0.062037
1 0.518490 0.375926 0.006771 0.053704
1 0.192448 0.355093 0.013021 0.054630
1 0.355990 0.303704 0.006771 0.038889
1 0.362500 0.342593 0.007292 0.051852
1 0.497917 0.348148 0.009375 0.048148
1 0.495312 0.327315 0.008333 0.041667
1 0.500260 0.292593 0.007812 0.035185
2 0.291667 0.268056 0.005208 0.025000
0 0.500521 0.398148 0.004167 0.007407
1 0.748437 0.564352 0.018750 0.089815
1 0.526042 0.439352 0.016667 0.071296
1 0.668750 0.404167 0.009375 0.063889
1 0.547656 0.334259 0.010937 0.048148
1 0.538802 0.311111 0.007812 0.040741
1 0.692448 0.359259 0.006771 0.053704
1 0.934375 0.402315 0.011458 0.058333
1 0.832552 0.348148 0.007812 0.046296
2 0.369792 0.330556 0.010417 0.046296
1 0.721094 0.310185 0.009896 0.040741
