2 0.297656 0.431481 0.023438 0.075926
1 0.339062 0.297222 0.014583 0.053704
1 0.220312 0.338426 0.014583 0.049074
1 0.543750 0.780093 0.032292 0.121296
1 0.212760 0.664352 0.032813 0.108333
1 0.034375 0.461111 0.031250 0.075926
1 0.332813 0.310185 0.013542 0.050000
0 0.640625 0.681019 0.008333 0.013889
1 0.325521 0.475926 0.019792 0.074074
1 0.227865 0.365741 0.026562 0.066667
1 0.470052 0.362500 0.019271 0.069444
1 0.562240 0.300000 0.015104 0.050000
1 0.596615 0.400000 0.018229 0.072222
1 0.557292 0.283796 0.010417 0.043519
1 0.659115 0.335648 0.015104 0.063889
1 0.575521 0.397222 0.019792 0.068519
1 0.743490 0.410648 0.017188 0.071296
1 0.675781 0.644444 0.028646 0.100000
1 0.905469 0.400000 0.023438 0.075926
1 0.885156 0.372685 0.018229 0.069444
