2 0.710677 0.292593 0.018229 0.035185
2 0.738802 0.527315 0.027604 0.076852
1 0.286979 0.486111 0.016667 0.068519
1 0.995833 0.385648 0.007292 0.028704
1 0.657031 0.373611 0.021354 0.047222
1 0.547135 0.882407 0.030729 0.144444
1 0.326562 0.518056 0.020833 0.082407
1 0.386979 0.681019 0.021875 0.104630
1 0.469010 0.500000 0.020313 0.072222
1 0.877604 0.383333 0.022917 0.053704
1 0.559896 0.451389 0.021875 0.054630
0 0.203385 0.562500 0.006771 0.010185
1 0.741667 0.718981 0.027083 0.112037
1 0.680208 0.401389 0.028125 0.058333
1 0.791146 0.693519 0.028125 0.096296
1 0.142708 0.390741 0.015625 0.055556
