0 0.615104 0.593519 0.007292 0.012963
2 0.118229 0.280093 0.012500 0.045370
1 0.117188 0.520833 0.031250 0.113889
1 0.481250 0.524537 0.034375 0.086111
1 0.231510 0.403704 0.024479 0.062963
1 0.454688 0.473611 0.022917 0.084259
1 0.575000 0.575463 0.035417 0.099074
1 0.569010 0.481019 0.035937 0.084259
2 0.333073 0.501852 0.032813 0.094444
1 0.348698 0.699074 0.034896 0.137037
1 0.361198 0.725000 0.054688 0.142593
1 0.778646 0.388889 0.018750 0.066667
1 0.735677 0.394907 0.022396 0.067593
1 0.819271 0.735185 0.035417 0.140741
1 0.866927 0.427778 0.027604 0.075926
1 0.906510 0.532407 0.026562 0.105556
1 0.614583 0.682407 0.043750 0.129630
1 0.593750 0.591204 0.037500 0.099074
