1 0.785156 0.517593 0.021354 0.079630
1 0.590365 0.411111 0.011979 0.053704
1 0.209896 0.558333 0.017708 0.081481
1 0.283333 0.489352 0.015625 0.067593
1 0.310417 0.677778 0.027083 0.096296
1 0.596354 0.459259 0.010417 0.061111
2 0.335417 0.351852 0.012500 0.040741
1 0.316927 0.382870 0.014063 0.045370
1 0.383073 0.688426 0.026562 0.089815
1 0.555990 0.518519 0.023438 0.072222
1 0.616667 0.480093 0.015625 0.065741
1 0.654948 0.385648 0.009896 0.045370
1 0.901042 0.445370 0.026042 0.059259
1 0.050521 0.542593 0.031250 0.074074
1 0.191927 0.472222 0.022396 0.059259
1 0.284635 0.408796 0.015104 0.047222
2 0.229948 0.587037 0.024479 0.085185
1 0.076302 0.519907 0.019271 0.073148
0 0.725521 0.426389 0.008333 0.008333
1 0.340625 0.463889 0.017708 0.055556
1 0.864583 0.526852 0.017708 0.075926
