1 0.916146 0.565278 0.036458 0.097222
1 0.797917 0.329630 0.019792 0.059259
1 0.385417 0.556481 0.031250 0.094444
1 0.257292 0.435648 0.016667 0.075000
1 0.720313 0.821759 0.048958 0.137963
1 0.612500 0.396759 0.016667 0.067593
2 0.370052 0.235185 0.011979 0.038889
1 0.395573 0.312963 0.015104 0.059259
1 0.575781 0.701389 0.048438 0.100926
1 0.489844 0.572222 0.034896 0.098148
1 0.727344 0.456944 0.029687 0.073148
1 0.870833 0.353704 0.021875 0.062963
1 0.040365 0.459722 0.022396 0.082407
1 0.207552 0.361111 0.019271 0.064815
1 0.291406 0.324537 0.013021 0.052778
2 0.460417 0.444907 0.025000 0.073148
1 0.020573 0.489815 0.020313 0.087037
0 0.709375 0.848148 0.011458 0.016667
1 0.401302 0.549074 0.018229 0.101852
1 0.975781 0.582870 0.044271 0.095370
1 0.009635 0.618056 0.019271 0.097222
1 0.408854 0.597222 0.033333 0.087037
