2 0.872396 0.306944 0.014583 0.060185
2 0.813281 0.580556 0.039062 0.088889
1 0.284115 0.525463 0.027604 0.076852
1 0.724479 0.402315 0.028125 0.056481
1 0.655990 0.930556 0.040104 0.131481
1 0.386979 0.527778 0.018750 0.077778
1 0.436198 0.689352 0.031771 0.100926
1 0.525781 0.522222 0.027604 0.079630
1 0.637500 0.474074 0.019792 0.070370
0 0.248958 0.563426 0.007292 0.010185
1 0.845573 0.786574 0.025521 0.128704
1 0.762240 0.431019 0.021354 0.065741
1 0.896875 0.737037 0.025000 0.111111
1 0.235156 0.404630 0.016146 0.059259
