1 0.514844 0.350926 0.024479 0.083333
1 0.689323 0.515278 0.040104 0.100926
1 0.840104 0.694907 0.057292 0.136111
1 0.851302 0.293519 0.023438 0.081481
1 0.308854 0.375000 0.027083 0.087037
1 0.440365 0.557870 0.028646 0.112037
1 0.129948 0.445370 0.028646 0.105556
0 0.747135 0.368981 0.010937 0.015741
2 0.234375 0.368981 0.027083 0.089815
1 0.365104 0.342593 0.029167 0.079630
1 0.387760 0.435648 0.032813 0.104630
1 0.486198 0.577315 0.038021 0.106481
1 0.583073 0.388426 0.028646 0.087963
1 0.610677 0.502778 0.036979 0.100000
1 0.573698 0.642130 0.041146 0.119444
1 0.758854 0.518056 0.050000 0.095370
1 0.223177 0.556019 0.029687 0.115741
1 0.011719 0.614352 0.023438 0.134259
