2 0.307812 0.420833 0.031250 0.063889
1 0.434896 0.804167 0.032292 0.095370
1 0.481510 0.318519 0.022396 0.053704
1 0.409375 0.693981 0.030208 0.089815
1 0.372656 0.324537 0.022396 0.056481
1 0.116667 0.229630 0.017708 0.046296
1 0.473177 0.304167 0.016146 0.052778
1 0.238802 0.450926 0.031771 0.074074
1 0.473177 0.386574 0.023438 0.058333
1 0.129948 0.562500 0.026562 0.078704
1 0.334375 0.285185 0.021875 0.057407
0 0.447135 0.847222 0.008854 0.012963
1 0.388802 0.268519 0.019271 0.046296
1 0.595573 0.484259 0.027604 0.068519
2 0.780208 0.897222 0.040625 0.103704
