1 0.575521 0.578241 0.021875 0.100926
1 0.316406 0.479167 0.014063 0.086111
1 0.088281 0.528241 0.019271 0.099074
1 0.263021 0.403704 0.013542 0.072222
1 0.174479 0.376852 0.015625 0.066667
0 0.602344 0.376389 0.006771 0.010185
1 0.132552 0.551389 0.025521 0.108333
1 0.764062 0.553241 0.022917 0.095370
1 0.118490 0.436111 0.020313 0.081481
1 0.466406 0.428704 0.020313 0.077778
1 0.339583 0.423611 0.014583 0.073148
2 0.036719 0.490741 0.024479 0.088889
1 0.403906 0.350926 0.019271 0.057407
1 0.611458 0.406019 0.014583 0.073148
