1 0.684635 0.484722 0.022396 0.067593
1 0.897135 0.456019 0.015104 0.065741
1 0.834115 0.451389 0.010937 0.065741
1 0.825781 0.461574 0.014063 0.067593
1 0.698958 0.442593 0.019792 0.066667
1 0.679688 0.428704 0.012500 0.057407
1 0.726562 0.440741 0.021875 0.062963
2 0.844531 0.523148 0.026562 0.077778
1 0.907813 0.464352 0.020833 0.065741
1 0.094271 0.528241 0.018750 0.078704
1 0.813542 0.440741 0.020833 0.062963
1 0.841406 0.455556 0.020313 0.062963
1 0.830208 0.444444 0.011458 0.061111
1 0.934375 0.518056 0.017708 0.080556
0 0.103906 0.559259 0.007812 0.012963
1 0.965885 0.468519 0.020313 0.072222
1 0.891406 0.462500 0.015104 0.062037
1 0.984115 0.486111 0.018229 0.074074
