1 0.791667 0.599074 0.026042 0.096296
1 0.616927 0.476389 0.023438 0.080556
1 0.157812 0.502315 0.028125 0.089815
1 0.501563 0.458796 0.016667 0.076852
1 0.686198 0.411111 0.017188 0.066667
1 0.532031 0.387037 0.010937 0.066667
0 0.820052 0.426389 0.006771 0.010185
1 0.613021 0.566667 0.026042 0.094444
1 0.474219 0.483796 0.025521 0.091667
1 0.962760 0.525463 0.024479 0.089815
1 0.182812 0.512963 0.026042 0.092593
1 0.354427 0.425463 0.015104 0.069444
1 0.501042 0.428704 0.021875 0.075926
1 0.820052 0.414815 0.030729 0.070370
1 0.628385 0.458333 0.019271 0.075926
2 0.376042 0.432407 0.017708 0.070370
1 0.760417 0.405093 0.019792 0.062037
1 0.946615 0.399537 0.026562 0.069444
