2 0.421354 0.450000 0.030208 0.107407
1 0.491406 0.383333 0.029687 0.092593
1 0.236198 0.437963 0.025521 0.101852
1 0.607031 0.624074 0.032813 0.138889
1 0.256510 0.710648 0.039062 0.134259
1 0.038281 0.434259 0.026562 0.109259
1 0.359635 0.306944 0.031771 0.076852
0 0.471615 0.438889 0.006771 0.011111
1 0.468750 0.389352 0.028125 0.082407
1 0.483594 0.462037 0.039062 0.107407
1 0.686198 0.414815 0.021354 0.098148
1 0.652865 0.359259 0.028646 0.085185
1 0.735417 0.474537 0.026042 0.115741
1 0.794531 0.371759 0.024479 0.095370
1 0.851562 0.379167 0.026042 0.095370
