2 0.159635 0.435648 0.029687 0.087963
1 0.188021 0.294444 0.015625 0.066667
1 0.070833 0.346759 0.026042 0.069444
1 0.500260 0.753704 0.030729 0.125926
1 0.107031 0.684259 0.047396 0.125926
1 0.200781 0.303704 0.023438 0.061111
0 0.666927 0.678241 0.009896 0.015741
1 0.160677 0.470370 0.021354 0.079630
1 0.033073 0.368056 0.027604 0.078704
1 0.326302 0.356019 0.021354 0.076852
1 0.431250 0.293519 0.013542 0.059259
1 0.485938 0.402315 0.021875 0.084259
1 0.404687 0.275000 0.014583 0.055556
1 0.535417 0.331019 0.016667 0.073148
1 0.462500 0.400463 0.022917 0.080556
1 0.670052 0.412963 0.018229 0.081481
1 0.695573 0.641204 0.028646 0.102778
1 0.845313 0.400463 0.023958 0.087963
1 0.781510 0.373148 0.017188 0.081481
