1 0.012760 0.910648 0.025521 0.115741
2 0.186458 0.527315 0.019792 0.076852
1 0.554948 0.787963 0.029687 0.101852
1 0.361198 0.412963 0.021354 0.066667
1 0.522135 0.675926 0.025521 0.092593
1 0.167187 0.430093 0.018750 0.069444
1 0.385937 0.434722 0.022917 0.067593
1 0.063542 0.601852 0.026042 0.090741
1 0.410156 0.478704 0.031771 0.068519
1 0.128906 0.405556 0.030729 0.068519
0 0.547396 0.813889 0.007292 0.012963
1 0.159375 0.387500 0.023958 0.063889
1 0.556250 0.567593 0.018750 0.087037
2 0.882812 0.856019 0.040625 0.100926
1 0.710156 0.323148 0.015104 0.059259
