1 0.268490 0.941204 0.047396 0.097222
2 0.606771 0.764815 0.028125 0.107407
1 0.338281 0.650463 0.025521 0.089815
1 0.869531 0.614352 0.024479 0.087963
1 0.778646 0.743981 0.034375 0.106481
1 0.255208 0.626852 0.019792 0.092593
1 0.480208 0.539352 0.022917 0.093519
1 0.519531 0.660648 0.023438 0.093519
1 0.402604 0.575463 0.023958 0.089815
1 0.843490 0.593519 0.026562 0.094444
1 0.410677 0.566667 0.014063 0.092593
1 0.517448 0.669444 0.024479 0.094444
1 0.384375 0.550463 0.022917 0.093519
1 0.565104 0.569907 0.025000 0.084259
1 0.466406 0.510185 0.027604 0.096296
1 0.483073 0.495370 0.018229 0.068519
1 0.644271 0.474074 0.025000 0.079630
1 0.418229 0.498148 0.026042 0.070370
1 0.439844 0.481944 0.020313 0.063889
2 0.886979 0.299074 0.022917 0.062963
0 0.444792 0.476852 0.006250 0.012963
1 0.915365 0.407870 0.023438 0.071296
