1 0.632031 0.475463 0.018229 0.065741
1 0.879427 0.452778 0.017188 0.066667
1 0.809896 0.451389 0.013542 0.069444
1 0.760156 0.462963 0.021354 0.068519
1 0.736458 0.446296 0.019792 0.068519
1 0.678125 0.428704 0.014583 0.057407
1 0.697917 0.440278 0.025000 0.062037
2 0.785156 0.525926 0.017188 0.081481
1 0.898958 0.465741 0.014583 0.066667
1 0.092969 0.537037 0.021354 0.059259
1 0.867969 0.447685 0.020313 0.063889
1 0.781250 0.458333 0.015625 0.062963
1 0.858073 0.455093 0.014063 0.065741
1 0.870573 0.509722 0.020313 0.076852
0 0.091927 0.558796 0.006771 0.012037
1 0.928906 0.463889 0.016146 0.068519
1 0.914583 0.460185 0.011458 0.064815
