1 0.063021 0.484722 0.022917 0.108333
1 0.802083 0.505556 0.029167 0.120370
1 0.385937 0.530556 0.034375 0.088889
1 0.510938 0.482870 0.025000 0.102778
1 0.560417 0.709259 0.044792 0.137037
1 0.841927 0.516204 0.022396 0.106481
1 0.617708 0.513426 0.023958 0.113889
1 0.305469 0.603241 0.028646 0.104630
1 0.365104 0.580556 0.032292 0.079630
1 0.196094 0.517593 0.026562 0.107407
1 0.817708 0.553704 0.033333 0.112963
1 0.596875 0.485648 0.025000 0.106481
1 0.837240 0.494444 0.026562 0.112963
1 0.755990 0.512037 0.030729 0.107407
1 0.478385 0.531019 0.021354 0.119444
1 0.621094 0.463426 0.021354 0.100926
2 0.345052 0.444444 0.026562 0.090741
0 0.370052 0.640278 0.008854 0.015741
1 0.660156 0.582870 0.036979 0.132407
1 0.679948 0.495833 0.028646 0.117593
