0 0.936979 0.591204 0.007292 0.013889
1 0.572656 0.518519 0.023438 0.100000
1 0.174219 0.457870 0.025521 0.089815
1 0.347656 0.530556 0.026562 0.105556
1 0.882292 0.560648 0.031250 0.095370
1 0.168750 0.384722 0.013542 0.071296
1 0.920052 0.550000 0.039062 0.094444
1 0.274219 0.634259 0.034896 0.133333
1 0.187240 0.409259 0.018229 0.077778
1 0.249740 0.385648 0.015104 0.073148
1 0.687240 0.570370 0.030729 0.103704
1 0.373958 0.414352 0.015625 0.084259
1 0.346094 0.438426 0.016146 0.082407
1 0.773958 0.510648 0.027083 0.089815
1 0.423177 0.355556 0.016146 0.057407
