1 0.589323 0.456019 0.013021 0.060185
1 0.444792 0.411574 0.014583 0.043519
1 0.416667 0.563426 0.020833 0.076852
1 0.213281 0.522222 0.015104 0.068519
1 0.685937 0.569907 0.019792 0.073148
1 0.383854 0.460648 0.013542 0.054630
2 0.098958 0.362963 0.010417 0.037037
1 0.156510 0.445833 0.015104 0.054630
1 0.743229 0.705556 0.025000 0.087037
1 0.451562 0.506944 0.016667 0.063889
1 0.505729 0.462037 0.016667 0.059259
1 0.369531 0.395833 0.013021 0.043519
1 0.538802 0.444907 0.014063 0.056481
1 0.082292 0.563426 0.016667 0.078704
1 0.099740 0.495833 0.014063 0.069444
1 0.117448 0.447685 0.010937 0.052778
2 0.304427 0.541667 0.018229 0.070370
1 0.125000 0.510185 0.017708 0.062963
0 0.920573 0.434259 0.003646 0.005556
1 0.301823 0.496296 0.015104 0.062963
1 0.600000 0.510185 0.015625 0.064815
1 0.133333 0.655556 0.020833 0.088889
1 0.463802 0.706481 0.029687 0.094444
1 0.924219 0.434722 0.011979 0.043519
