1 0.947917 0.467593 0.017708 0.079630
1 0.965625 0.501389 0.019792 0.080556
1 0.898177 0.431019 0.015104 0.069444
2 0.657292 0.500926 0.020833 0.090741
0 0.067969 0.481944 0.005729 0.010185
1 0.774219 0.479630 0.014063 0.081481
1 0.768490 0.416667 0.010937 0.059259
1 0.829167 0.420833 0.014583 0.071296
1 0.340625 0.464815 0.018750 0.074074
1 0.757552 0.425463 0.017188 0.065741
1 0.745833 0.414815 0.013542 0.064815
1 0.827604 0.407870 0.015625 0.065741
1 0.984375 0.429630 0.011458 0.077778
1 0.060677 0.478241 0.025521 0.078704
1 0.810937 0.400000 0.015625 0.059259
1 0.567448 0.459259 0.017188 0.075926
1 0.768490 0.383796 0.013021 0.047222
1 0.115885 0.478241 0.024479 0.078704
