0 0.644792 0.348148 0.009375 0.020370
1 0.164323 0.292593 0.024479 0.087037
1 0.031250 0.780093 0.047917 0.208333
1 0.341667 0.427315 0.022917 0.126852
1 0.347396 0.402778 0.027083 0.096296
2 0.413542 0.449537 0.026042 0.121296
1 0.533073 0.600000 0.034896 0.174074
1 0.543490 0.420370 0.032813 0.109259
1 0.548177 0.327315 0.031771 0.084259
1 0.639583 0.412037 0.039583 0.120370
1 0.408333 0.562037 0.037500 0.155556
1 0.815885 0.416667 0.027604 0.107407
1 0.672396 0.410648 0.038542 0.110185
1 0.890104 0.398148 0.034375 0.120370
