1 0.212760 0.490278 0.025521 0.100926
1 0.280990 0.614815 0.028646 0.127778
1 0.376042 0.265278 0.011458 0.052778
2 0.931250 0.476852 0.030208 0.101852
2 0.942187 0.226852 0.008333 0.042593
1 0.690885 0.726389 0.032813 0.143519
1 0.661198 0.692593 0.039062 0.138889
1 0.838021 0.449537 0.028125 0.091667
1 0.549479 0.543981 0.031250 0.115741
1 0.393490 0.406944 0.019271 0.087963
1 0.369792 0.614815 0.036458 0.125926
1 0.675260 0.322222 0.013021 0.064815
1 0.429688 0.406481 0.020833 0.088889
1 0.810156 0.425000 0.017188 0.088889
1 0.877865 0.298611 0.015104 0.056481
0 0.025521 0.459722 0.007292 0.012037
0 0.280729 0.573148 0.009375 0.016667
