1 0.244531 0.742593 0.039062 0.153704
1 0.417708 0.597222 0.029167 0.118519
1 0.515885 0.492593 0.021354 0.111111
1 0.064062 0.380556 0.018750 0.083333
1 0.253646 0.456944 0.029167 0.093519
1 0.491667 0.526389 0.031250 0.113889
2 0.048177 0.500463 0.028646 0.110185
0 0.759375 0.482870 0.008333 0.012037
1 0.136198 0.422222 0.023438 0.094444
1 0.003646 0.592593 0.007292 0.096296
1 0.615104 0.542130 0.023958 0.119444
1 0.664583 0.521296 0.034375 0.100000
1 0.442969 0.685185 0.043229 0.146296
1 0.570312 0.497222 0.025000 0.109259
1 0.802083 0.548148 0.031250 0.120370
1 0.695573 0.551852 0.028646 0.105556
1 0.696875 0.529167 0.025000 0.050926
1 0.815365 0.589352 0.031771 0.110185
1 0.946094 0.877778 0.036979 0.187037
