1 0.565625 0.612963 0.039583 0.127778
1 0.510417 0.572222 0.025000 0.101852
1 0.376302 0.584722 0.032813 0.095370
1 0.908073 0.551389 0.029687 0.110185
1 0.487760 0.577315 0.029687 0.110185
1 0.527083 0.791204 0.051042 0.141667
1 0.428385 0.482407 0.021354 0.083333
1 0.073177 0.433333 0.032813 0.074074
1 0.492708 0.508333 0.029167 0.081481
1 0.448177 0.556481 0.030729 0.092593
1 0.080208 0.501852 0.032292 0.101852
2 0.152083 0.309722 0.017708 0.052778
2 0.327604 0.700000 0.048958 0.131481
0 0.409375 0.572685 0.008333 0.015741
1 0.759896 0.440278 0.023958 0.076852
1 0.920573 0.689352 0.039062 0.134259
1 0.865885 0.479630 0.024479 0.087037
