1 0.427865 0.672685 0.040104 0.115741
1 0.120573 0.482870 0.018229 0.091667
1 0.248438 0.625463 0.044792 0.117593
1 0.660417 0.603241 0.020833 0.110185
1 0.167448 0.491667 0.032813 0.096296
1 0.353906 0.542130 0.031771 0.102778
1 0.592448 0.635648 0.028646 0.108333
1 0.368490 0.477778 0.030729 0.088889
1 0.071094 0.466667 0.029687 0.087037
1 0.274740 0.649537 0.042188 0.115741
1 0.027344 0.509259 0.025521 0.101852
1 0.182292 0.449074 0.019792 0.085185
1 0.207813 0.503704 0.026042 0.103704
2 0.405469 0.320833 0.017188 0.052778
2 0.085156 0.699074 0.036979 0.124074
0 0.314323 0.680556 0.011979 0.018519
1 0.082812 0.454167 0.023958 0.099074
1 0.729167 0.571296 0.042708 0.098148
1 0.644271 0.642130 0.032292 0.119444
