1 0.225781 0.715741 0.043229 0.146296
1 0.090625 0.418056 0.019792 0.097222
1 0.287240 0.467130 0.021354 0.102778
1 0.354687 0.323611 0.017708 0.076852
1 0.358073 0.390741 0.017188 0.094444
1 0.495052 0.710185 0.030729 0.138889
1 0.494531 0.461111 0.022396 0.098148
1 0.501302 0.454167 0.017188 0.100926
1 0.776563 0.449537 0.028125 0.076852
1 0.931250 0.543056 0.027083 0.119444
1 0.939583 0.322685 0.019792 0.078704
2 0.387500 0.340741 0.021875 0.081481
1 0.444010 0.623148 0.026562 0.138889
2 0.203125 0.243981 0.014583 0.054630
1 0.584115 0.375000 0.020313 0.088889
1 0.521875 0.382870 0.017708 0.082407
0 0.505729 0.503704 0.007292 0.012963
1 0.560156 0.585185 0.039062 0.120370
1 0.820573 0.704630 0.029687 0.144444
