1 0.322396 0.804167 0.058333 0.167593
1 0.296615 0.721296 0.029687 0.129630
1 0.461198 0.483796 0.024479 0.100926
1 0.438021 0.437500 0.023958 0.084259
1 0.310417 0.388426 0.019792 0.080556
1 0.063542 0.501389 0.030208 0.112037
1 0.820312 0.434722 0.029167 0.089815
0 0.737240 0.388889 0.004687 0.007407
2 0.330990 0.532870 0.029687 0.110185
1 0.750781 0.358333 0.021354 0.062963
1 0.966406 0.420370 0.020313 0.088889
1 0.447917 0.364352 0.016667 0.073148
1 0.430729 0.375000 0.023958 0.068519
2 0.230469 0.303704 0.015104 0.061111
1 0.242969 0.439815 0.022396 0.087037
1 0.009896 0.475926 0.019792 0.087037
1 0.134115 0.425000 0.026562 0.088889
1 0.042448 0.410185 0.020313 0.085185
