1 0.359635 0.513426 0.025521 0.043519
1 0.390625 0.809722 0.030208 0.167593
1 0.010677 0.282407 0.011979 0.051852
2 0.803906 0.349074 0.021354 0.074074
2 0.492708 0.183333 0.008333 0.035185
1 0.987240 0.545370 0.022396 0.109259
1 0.575260 0.318981 0.016146 0.063889
1 0.727604 0.311111 0.014583 0.064815
1 0.233854 0.353704 0.015625 0.068519
1 0.628385 0.580556 0.026562 0.118519
1 0.452083 0.244907 0.009375 0.049074
1 0.307552 0.489352 0.024479 0.104630
1 0.566667 0.344907 0.018750 0.069444
1 0.753385 0.216667 0.007812 0.040741
0 0.303125 0.546296 0.007292 0.012963
1 0.667969 0.245833 0.011979 0.050926
1 0.779687 0.268981 0.015625 0.052778
1 0.944792 0.498611 0.022917 0.112037
1 0.995833 0.296759 0.007292 0.056481
