1 0.176563 0.760648 0.051042 0.156481
1 0.051823 0.543056 0.033854 0.100926
1 0.141146 0.388889 0.021875 0.070370
1 0.116406 0.466204 0.025521 0.080556
1 0.597396 0.664352 0.050000 0.139815
1 0.546615 0.553241 0.052604 0.058333
1 0.507031 0.484259 0.034896 0.090741
1 0.600000 0.521296 0.039583 0.083333
1 0.695312 0.569907 0.030208 0.113889
1 0.692969 0.389815 0.026562 0.075926
2 0.311719 0.427778 0.031771 0.074074
1 0.481510 0.632870 0.030729 0.137963
1 0.376302 0.413889 0.024479 0.081481
1 0.352083 0.457870 0.026042 0.078704
0 0.540885 0.571296 0.007812 0.014815
1 0.511198 0.527315 0.022396 0.095370
1 0.659896 0.650926 0.026042 0.107407
1 0.904427 0.477778 0.030729 0.088889
1 0.979688 0.651389 0.030208 0.106481
1 0.988281 0.550463 0.021354 0.097222
