1 0.327344 0.683333 0.039062 0.124074
1 0.261198 0.618056 0.039062 0.126852
1 0.199219 0.533333 0.028646 0.112963
1 0.336198 0.390741 0.035937 0.079630
1 0.390625 0.423148 0.020833 0.087037
1 0.067448 0.498148 0.025521 0.114815
1 0.433594 0.412963 0.023438 0.074074
1 0.431771 0.453241 0.027083 0.099074
2 0.392188 0.432407 0.019792 0.096296
0 0.378125 0.642593 0.010417 0.018519
1 0.539844 0.435648 0.024479 0.093519
1 0.412760 0.464352 0.019271 0.093519
1 0.494531 0.476389 0.021354 0.100926
1 0.493750 0.441667 0.031250 0.085185
1 0.506510 0.615741 0.032813 0.129630
1 0.584115 0.482407 0.023438 0.094444
1 0.619531 0.495833 0.031771 0.102778
1 0.702865 0.510185 0.023438 0.096296
1 0.853125 0.422222 0.028125 0.087037
