1 0.873437 0.440741 0.015625 0.075926
1 0.942448 0.513426 0.017188 0.082407
1 0.878385 0.435648 0.018229 0.045370
2 0.545573 0.500463 0.028646 0.087963
0 0.098698 0.521296 0.005729 0.009259
1 0.791927 0.472685 0.017188 0.078704
1 0.699219 0.420833 0.015104 0.067593
1 0.836458 0.412963 0.011458 0.068519
1 0.170573 0.481481 0.019271 0.077778
1 0.809635 0.426852 0.014063 0.066667
1 0.778906 0.406481 0.011979 0.066667
1 0.819792 0.409259 0.012500 0.051852
1 0.989583 0.418056 0.014583 0.073148
1 0.132292 0.488426 0.021875 0.087963
1 0.848958 0.396759 0.013542 0.062037
1 0.533594 0.465278 0.015104 0.080556
1 0.743229 0.394907 0.015625 0.065741
1 0.085677 0.486111 0.018229 0.074074
