1 0.198177 0.483333 0.028646 0.090741
1 0.575781 0.760185 0.042188 0.142593
2 0.745052 0.365278 0.023438 0.078704
2 0.472396 0.210648 0.010417 0.037963
1 0.859896 0.549537 0.035417 0.115741
1 0.520312 0.354167 0.018750 0.069444
1 0.651563 0.327778 0.016667 0.068519
1 0.213021 0.379167 0.019792 0.082407
1 0.599740 0.613889 0.029687 0.127778
1 0.420052 0.276852 0.014063 0.055556
1 0.213281 0.458333 0.031771 0.088889
1 0.555208 0.418519 0.020833 0.079630
1 0.738542 0.243056 0.011458 0.043519
0 0.216406 0.519444 0.007812 0.012963
1 0.631771 0.271759 0.014583 0.056481
1 0.700000 0.294444 0.017708 0.057407
1 0.899479 0.440741 0.021875 0.088889
1 0.981510 0.311574 0.018229 0.058333
1 0.991927 0.320370 0.010937 0.053704
