1 0.221875 0.515278 0.019792 0.093519
1 0.293750 0.618056 0.026042 0.112037
1 0.421615 0.311574 0.011979 0.050926
2 0.968229 0.519907 0.023958 0.100926
2 0.964323 0.273148 0.009896 0.040741
1 0.685937 0.718519 0.031250 0.129630
1 0.650000 0.689815 0.034375 0.135185
1 0.874740 0.473148 0.023438 0.085185
1 0.608594 0.586574 0.027604 0.117593
1 0.459115 0.431944 0.022396 0.082407
1 0.379948 0.618519 0.031771 0.118519
1 0.714063 0.362963 0.012500 0.062963
1 0.505208 0.431019 0.020833 0.078704
1 0.817969 0.434722 0.016146 0.076852
1 0.902083 0.343981 0.011458 0.054630
0 0.118750 0.467130 0.006250 0.010185
0 0.302344 0.597222 0.008854 0.016667
