1 0.797135 0.366204 0.017188 0.082407
1 0.764583 0.534259 0.020833 0.125926
1 0.670833 0.647222 0.031250 0.140741
1 0.262500 0.638426 0.028125 0.154630
1 0.377865 0.530556 0.022396 0.131481
1 0.273177 0.564352 0.021354 0.132407
1 0.387500 0.487037 0.020833 0.118519
1 0.801042 0.443056 0.023958 0.102778
1 0.453646 0.491204 0.017708 0.113889
1 0.508594 0.554630 0.025521 0.124074
1 0.332292 0.483333 0.023958 0.114815
1 0.292187 0.558796 0.027083 0.128704
1 0.355729 0.499537 0.016667 0.115741
1 0.296354 0.504167 0.018750 0.106481
1 0.250260 0.525926 0.017188 0.125926
1 0.185156 0.541204 0.021354 0.126852
1 0.359896 0.530093 0.021875 0.123148
2 0.205990 0.631019 0.028646 0.143519
2 0.839063 0.354167 0.030208 0.087963
1 0.205469 0.498148 0.015104 0.116667
