1 0.609635 0.492593 0.026562 0.140741
1 0.136719 0.702315 0.033854 0.180556
1 0.574479 0.477315 0.037500 0.119444
1 0.018750 0.925463 0.037500 0.147222
1 0.611719 0.599537 0.028646 0.149074
1 0.276562 0.587963 0.027083 0.157407
1 0.271094 0.811111 0.042188 0.194444
1 0.828646 0.800926 0.041667 0.174074
1 0.545052 0.601389 0.032813 0.147222
1 0.045052 0.513889 0.026562 0.150000
1 0.461979 0.456019 0.028125 0.126852
1 0.565365 0.516667 0.030729 0.107407
1 0.352604 0.512963 0.033333 0.137037
1 0.484896 0.454630 0.023958 0.118519
1 0.631250 0.404630 0.026042 0.127778
0 0.446875 0.317593 0.005208 0.011111
1 0.384896 0.631944 0.032292 0.156481
1 0.467187 0.484259 0.021875 0.133333
