1 0.704688 0.729630 0.045833 0.144444
1 0.747135 0.439815 0.022396 0.077778
1 0.577865 0.463889 0.016146 0.085185
1 0.560417 0.486574 0.039583 0.078704
1 0.857031 0.541667 0.016146 0.105556
1 0.679427 0.428241 0.029687 0.071296
1 0.585677 0.425000 0.017188 0.022222
1 0.550260 0.599074 0.029687 0.112963
1 0.727344 0.438889 0.028646 0.079630
1 0.574740 0.475000 0.013021 0.075926
1 0.519271 0.491667 0.034375 0.085185
1 0.552083 0.474074 0.021875 0.081481
1 0.601042 0.469907 0.019792 0.086111
1 0.657292 0.435185 0.027083 0.075926
1 0.601302 0.468981 0.019271 0.084259
1 0.229948 0.425926 0.023438 0.079630
2 0.930469 0.344444 0.024479 0.055556
2 0.438542 0.548148 0.029167 0.107407
0 0.746875 0.771296 0.011458 0.020370
1 0.589583 0.475000 0.029167 0.087037
