1 0.082552 0.614352 0.028646 0.112037
2 0.526302 0.384259 0.018229 0.075926
2 0.434896 0.191667 0.008333 0.031481
1 0.556250 0.668981 0.030208 0.102778
1 0.581771 0.589815 0.030208 0.103704
1 0.484115 0.414815 0.020313 0.079630
1 0.332031 0.516204 0.034896 0.099074
1 0.048438 0.414352 0.014583 0.082407
1 0.110156 0.636574 0.024479 0.102778
1 0.223438 0.310185 0.014583 0.057407
1 0.062500 0.419907 0.026042 0.080556
1 0.486198 0.406481 0.027604 0.079630
1 0.403385 0.253704 0.013021 0.044444
0 0.582031 0.628704 0.009896 0.014815
1 0.527344 0.260185 0.010937 0.051852
1 0.555729 0.306481 0.010417 0.061111
1 0.679427 0.575926 0.030729 0.103704
1 0.617708 0.662037 0.030208 0.118519
1 0.649219 0.650926 0.041146 0.116667
1 0.808073 0.398148 0.021354 0.079630
1 0.822135 0.319907 0.013021 0.058333
1 0.874219 0.347222 0.014063 0.061111
