0 0.455469 0.569444 0.010937 0.018519
1 0.590104 0.721759 0.062500 0.202778
1 0.148698 0.450463 0.032813 0.141667
1 0.265104 0.450463 0.038542 0.139815
2 0.152344 0.372685 0.025521 0.125000
1 0.413281 0.412963 0.035937 0.129630
1 0.501563 0.491204 0.035417 0.119444
1 0.522917 0.292593 0.028125 0.105556
1 0.466146 0.501389 0.042708 0.134259
1 0.385677 0.521296 0.038021 0.161111
1 0.537760 0.320370 0.023438 0.112963
1 0.486979 0.372222 0.025000 0.127778
1 0.948177 0.511111 0.048438 0.140741
1 0.595573 0.323611 0.041146 0.108333
1 0.647396 0.446759 0.035417 0.132407
1 0.705469 0.443056 0.032813 0.130556
