1 0.106250 0.533796 0.028125 0.108333
2 0.286979 0.482870 0.029167 0.100926
2 0.452865 0.265278 0.009896 0.047222
1 0.759115 0.705556 0.041146 0.131481
1 0.502865 0.588426 0.032813 0.119444
1 0.366927 0.492130 0.039062 0.086111
1 0.590365 0.465741 0.025521 0.088889
1 0.120313 0.445833 0.028125 0.095370
1 0.208073 0.402778 0.018229 0.081481
1 0.286979 0.396759 0.020833 0.082407
1 0.504427 0.610185 0.026562 0.124074
1 0.492708 0.348611 0.026042 0.058333
0 0.466406 0.482870 0.006771 0.012037
1 0.449740 0.336111 0.018229 0.059259
1 0.499219 0.430093 0.025521 0.076852
1 0.356250 0.500926 0.037500 0.090741
1 0.767969 0.385185 0.024479 0.070370
1 0.977865 0.421759 0.017188 0.080556
