0 0.449740 0.578704 0.010937 0.018519
1 0.623437 0.729167 0.050000 0.202778
1 0.145313 0.450463 0.036458 0.136111
1 0.277604 0.447222 0.045833 0.135185
2 0.147135 0.372222 0.029687 0.122222
1 0.421615 0.414352 0.033854 0.126852
1 0.508594 0.499074 0.048438 0.129630
1 0.511719 0.293056 0.028646 0.104630
1 0.459115 0.523611 0.041146 0.134259
1 0.384375 0.511574 0.032292 0.160185
1 0.527344 0.319444 0.024479 0.111111
1 0.487760 0.365278 0.028646 0.121296
1 0.940625 0.521296 0.040625 0.138889
1 0.586458 0.324537 0.041667 0.110185
1 0.633333 0.434259 0.029167 0.135185
1 0.697135 0.440741 0.039062 0.127778
