1 0.694010 0.572222 0.029687 0.081481
1 0.363281 0.631019 0.025521 0.106481
1 0.575781 0.786574 0.032813 0.154630
1 0.981250 0.700463 0.036458 0.126852
1 0.611719 0.570833 0.039062 0.087963
1 0.409896 0.478704 0.017708 0.072222
1 0.729167 0.510648 0.025000 0.080556
1 0.317188 0.547685 0.031250 0.086111
1 0.217708 0.612500 0.044792 0.097222
1 0.144010 0.695833 0.060937 0.125000
1 0.202083 0.808333 0.028125 0.144444
1 0.597656 0.660648 0.024479 0.100926
2 0.576823 0.683796 0.028646 0.117593
2 0.483073 0.428704 0.011979 0.050000
0 0.438542 0.167130 0.007292 0.012037
1 0.532552 0.458333 0.018229 0.064815
1 0.874740 0.511111 0.027604 0.079630
