1 0.774479 0.632870 0.038542 0.121296
1 0.228385 0.811111 0.052604 0.150000
1 0.814583 0.560648 0.037500 0.099074
1 0.450000 0.522222 0.030208 0.083333
1 0.574219 0.608796 0.030729 0.115741
1 0.555208 0.553241 0.022917 0.087963
1 0.267708 0.495370 0.025000 0.072222
1 0.964323 0.608796 0.034896 0.113889
1 0.244531 0.663889 0.048438 0.122222
1 0.164583 0.935185 0.044792 0.127778
1 0.127344 0.675463 0.040104 0.128704
2 0.704688 0.605093 0.031250 0.110185
0 0.275000 0.526389 0.008333 0.013889
1 0.990625 0.617593 0.017708 0.037037
1 0.795573 0.515278 0.019271 0.087963
