1 0.661198 0.506019 0.021354 0.126852
1 0.037500 0.571296 0.043750 0.125926
1 0.424219 0.453704 0.025521 0.105556
1 0.670052 0.643056 0.034896 0.141667
1 0.645312 0.495833 0.020833 0.112037
1 0.575521 0.455093 0.034375 0.112037
1 0.385417 0.572685 0.034375 0.126852
1 0.439063 0.613889 0.031250 0.114815
1 0.832031 0.537037 0.026562 0.111111
1 0.444792 0.471296 0.028125 0.111111
1 0.809635 0.471296 0.025521 0.105556
1 0.691927 0.493519 0.030729 0.107407
1 0.414583 0.518981 0.039583 0.108333
1 0.610938 0.440278 0.020833 0.095370
2 0.172656 0.451389 0.025521 0.113889
1 0.819792 0.427315 0.027083 0.110185
1 0.577083 0.568056 0.041667 0.126852
1 0.630990 0.467593 0.025521 0.109259
