1 0.723437 0.562037 0.030208 0.092593
1 0.529687 0.345833 0.022917 0.049074
1 0.233854 0.554167 0.029167 0.097222
1 0.670052 0.718981 0.036979 0.112037
1 0.382552 0.435185 0.026562 0.064815
2 0.028125 0.275926 0.010417 0.033333
1 0.036719 0.361574 0.019271 0.060185
1 0.485677 0.689352 0.046354 0.095370
1 0.365365 0.592593 0.029687 0.100000
1 0.573177 0.475000 0.032813 0.077778
1 0.609635 0.375463 0.023438 0.056481
1 0.766667 0.461111 0.027083 0.077778
2 0.245833 0.478241 0.026042 0.075000
0 0.662760 0.734722 0.004687 0.013889
1 0.275000 0.556481 0.036458 0.098148
1 0.791927 0.570833 0.033854 0.087963
1 0.263021 0.676852 0.044792 0.107407
