1 0.937760 0.487500 0.030729 0.091667
1 0.726042 0.618519 0.035417 0.131481
1 0.134896 0.606944 0.040625 0.136111
1 0.575521 0.515741 0.041667 0.109259
1 0.345833 0.539815 0.031250 0.112963
1 0.470833 0.518519 0.027083 0.120370
1 0.979427 0.429167 0.027604 0.095370
1 0.827865 0.466667 0.022396 0.101852
1 0.825521 0.540741 0.036458 0.101852
1 0.549219 0.491204 0.038021 0.099074
1 0.358073 0.567130 0.035937 0.099074
1 0.536719 0.530093 0.026562 0.093519
1 0.431771 0.512963 0.032292 0.111111
1 0.399479 0.538426 0.033333 0.113889
1 0.318750 0.556019 0.029167 0.117593
1 0.572656 0.517130 0.026562 0.097222
2 0.163542 0.630556 0.040625 0.131481
1 0.246094 0.491667 0.028646 0.087037
0 0.835938 0.256019 0.011458 0.015741
