1 0.653646 0.757870 0.034375 0.162037
1 0.558073 0.512963 0.022396 0.085185
1 0.568229 0.460185 0.014583 0.094444
1 0.599740 0.471759 0.017188 0.087963
1 0.855990 0.541204 0.024479 0.102778
1 0.738542 0.476389 0.015625 0.097222
1 0.658333 0.463889 0.019792 0.092593
1 0.548698 0.600926 0.023438 0.112963
1 0.529687 0.505093 0.021875 0.095370
1 0.573438 0.465741 0.016667 0.085185
1 0.527344 0.492593 0.023438 0.094444
1 0.587240 0.468056 0.019271 0.086111
1 0.607292 0.463889 0.018750 0.085185
1 0.619271 0.455093 0.018750 0.084259
1 0.647396 0.450000 0.020833 0.090741
1 0.665625 0.438889 0.015625 0.087037
1 0.246615 0.422685 0.020313 0.082407
2 0.945312 0.344907 0.016667 0.060185
2 0.641146 0.534722 0.026042 0.106481
0 0.753385 0.766667 0.010937 0.020370
1 0.689844 0.438426 0.021354 0.091667
