1 0.237500 0.344907 0.020833 0.095370
1 0.798958 0.563426 0.033333 0.143519
1 0.241406 0.676389 0.027604 0.156481
1 0.618490 0.536574 0.023438 0.125000
1 0.201563 0.848611 0.040625 0.202778
1 0.646094 0.587037 0.022396 0.116667
1 0.544271 0.607870 0.040625 0.141667
1 0.436458 0.744907 0.032292 0.163889
1 0.665365 0.672685 0.029687 0.145370
1 0.183333 0.581481 0.037500 0.133333
1 0.694531 0.580556 0.026562 0.129630
1 0.327604 0.525000 0.029167 0.127778
1 0.531771 0.487963 0.028125 0.122222
1 0.682552 0.514815 0.030729 0.122222
1 0.567708 0.517130 0.029167 0.123148
1 0.562240 0.487963 0.018229 0.118519
2 0.122656 0.487037 0.031771 0.129630
1 0.728906 0.467593 0.031771 0.120370
0 0.367448 0.330556 0.005729 0.012963
1 0.613021 0.607407 0.036458 0.146296
1 0.584896 0.492130 0.030208 0.125000
