1 0.366667 0.683333 0.042708 0.133333
1 0.239063 0.600926 0.039583 0.125926
1 0.203906 0.525000 0.032813 0.111111
1 0.337500 0.381944 0.026042 0.076852
1 0.419010 0.416204 0.024479 0.086111
1 0.124740 0.477778 0.022396 0.109259
1 0.463021 0.394907 0.021875 0.062037
1 0.459635 0.442130 0.023438 0.095370
2 0.436719 0.421296 0.018229 0.092593
0 0.398958 0.723148 0.010417 0.018519
1 0.570312 0.433796 0.032292 0.091667
1 0.465885 0.456019 0.020313 0.093519
1 0.535417 0.466667 0.029167 0.100000
1 0.528385 0.429630 0.020313 0.090741
1 0.587240 0.594444 0.030729 0.122222
1 0.603906 0.476389 0.033854 0.097222
1 0.676562 0.489352 0.028125 0.100926
1 0.759635 0.506019 0.028646 0.095370
1 0.912240 0.410185 0.030729 0.090741
