1 0.073958 0.586111 0.023958 0.116667
1 0.262240 0.509722 0.028646 0.100926
1 0.741146 0.561111 0.041667 0.094444
1 0.877604 0.556944 0.036458 0.115741
1 0.713281 0.443981 0.020313 0.087963
1 0.785156 0.443519 0.022396 0.087037
1 0.582552 0.414352 0.019271 0.086111
0 0.375521 0.620833 0.011458 0.013889
2 0.848177 0.492593 0.024479 0.098148
1 0.874479 0.341204 0.013542 0.060185
1 0.811979 0.362963 0.019792 0.068519
2 0.904427 0.302315 0.015104 0.058333
1 0.614323 0.487963 0.026562 0.087037
1 0.532552 0.422222 0.019271 0.088889
1 0.621615 0.408796 0.022396 0.082407
1 0.471875 0.449074 0.030208 0.083333
1 0.552604 0.408796 0.020833 0.082407
1 0.486458 0.422685 0.025000 0.087963
1 0.250000 0.380093 0.031250 0.069444
