1 0.618229 0.630556 0.032292 0.120370
1 0.266146 0.484722 0.019792 0.097222
1 0.017969 0.584259 0.029687 0.112963
1 0.618490 0.598148 0.028646 0.098148
1 0.225260 0.526852 0.036979 0.107407
1 0.596875 0.669907 0.050000 0.115741
1 0.324479 0.479630 0.026042 0.090741
1 0.028906 0.506481 0.023438 0.096296
1 0.056771 0.643981 0.037500 0.121296
1 0.003906 0.536574 0.007812 0.071296
1 0.084375 0.471296 0.035417 0.098148
1 0.181510 0.513426 0.026562 0.106481
2 0.471094 0.345833 0.023438 0.062037
0 0.623958 0.646296 0.013542 0.024074
1 0.018490 0.450926 0.028646 0.053704
1 0.633594 0.628241 0.031771 0.112037
1 0.654687 0.633796 0.030208 0.123148
