1 0.070052 0.416667 0.017188 0.061111
1 0.066667 0.666204 0.026042 0.123148
1 0.643750 0.578241 0.035417 0.089815
1 0.284115 0.520370 0.017188 0.090741
1 0.543490 0.501852 0.018229 0.074074
1 0.559115 0.536111 0.028646 0.081481
1 0.614323 0.537500 0.014063 0.089815
1 0.615104 0.535648 0.020833 0.087963
1 0.608854 0.546759 0.021875 0.089815
1 0.446615 0.506019 0.019271 0.078704
1 0.316146 0.432870 0.013542 0.075000
1 0.696875 0.568981 0.023958 0.086111
1 0.554948 0.495370 0.017188 0.079630
1 0.675781 0.553704 0.023438 0.096296
1 0.641406 0.537500 0.019271 0.095370
1 0.605469 0.522685 0.017188 0.065741
1 0.542188 0.495833 0.018750 0.082407
2 0.307031 0.493056 0.024479 0.087963
1 0.936458 0.474537 0.019792 0.075000
0 0.094531 0.453704 0.005729 0.009259
1 0.653906 0.569444 0.023438 0.087037
1 0.623958 0.531019 0.016667 0.091667
