1 0.312760 0.537500 0.027604 0.091667
1 0.534896 0.425463 0.015625 0.067593
1 0.534896 0.372685 0.012500 0.063889
1 0.373958 0.310648 0.009375 0.049074
1 0.354687 0.345833 0.012500 0.052778
1 0.478906 0.380556 0.015104 0.066667
2 0.363281 0.365278 0.013021 0.062037
0 0.572656 0.360185 0.004687 0.007407
1 0.400781 0.354630 0.013021 0.061111
1 0.247135 0.412963 0.014063 0.072222
1 0.556771 0.406481 0.012500 0.072222
1 0.671615 0.397685 0.013021 0.065741
1 0.569271 0.531481 0.026042 0.098148
1 0.584896 0.383333 0.012500 0.068519
1 0.712760 0.394444 0.017188 0.066667
1 0.636458 0.424074 0.015625 0.070370
1 0.658333 0.352315 0.015625 0.058333
1 0.682552 0.468981 0.013021 0.076852
1 0.765365 0.594444 0.018229 0.105556
