1 0.506250 0.685648 0.028125 0.132407
1 0.234375 0.581944 0.041667 0.100926
1 0.217188 0.531944 0.039583 0.100926
1 0.418490 0.354167 0.016146 0.084259
1 0.525781 0.415741 0.021354 0.090741
1 0.252604 0.456944 0.020833 0.102778
1 0.564323 0.395370 0.020313 0.077778
1 0.564323 0.430556 0.024479 0.087037
2 0.580729 0.420370 0.020833 0.094444
0 0.463542 0.713889 0.012500 0.020370
1 0.695312 0.439352 0.026042 0.099074
1 0.617448 0.461574 0.020313 0.099074
1 0.670833 0.473148 0.023958 0.103704
1 0.677604 0.432870 0.018750 0.095370
1 0.742969 0.556019 0.026562 0.106481
1 0.726562 0.471759 0.033333 0.102778
1 0.917448 0.518981 0.031771 0.117593
1 0.929167 0.514815 0.025000 0.109259
