1 0.520312 0.613889 0.037500 0.127778
1 0.530208 0.593056 0.031250 0.106481
1 0.310156 0.605093 0.038021 0.115741
1 0.832292 0.528241 0.033333 0.108333
1 0.493490 0.559722 0.041146 0.091667
1 0.398958 0.751389 0.055208 0.130556
1 0.390885 0.476389 0.025521 0.084259
1 0.074479 0.408796 0.030208 0.076852
1 0.441927 0.532870 0.030729 0.093519
1 0.475260 0.576852 0.035937 0.096296
1 0.086198 0.475926 0.024479 0.094444
2 0.190885 0.293519 0.016146 0.048148
2 0.190104 0.677778 0.052083 0.131481
0 0.486198 0.606481 0.009896 0.018519
1 0.759635 0.449074 0.032813 0.075926
1 0.892448 0.693981 0.029687 0.132407
1 0.886198 0.476852 0.021354 0.087037
