0 0.646354 0.350926 0.010417 0.022222
1 0.163021 0.292130 0.025000 0.086111
1 0.029948 0.779167 0.047396 0.208333
1 0.342187 0.429167 0.023958 0.126852
1 0.346094 0.401852 0.029687 0.098148
2 0.411979 0.448611 0.026042 0.121296
1 0.531510 0.598148 0.035937 0.174074
1 0.545052 0.421296 0.034896 0.107407
1 0.548438 0.326852 0.033333 0.085185
1 0.642188 0.414352 0.038542 0.117593
1 0.407292 0.560648 0.038542 0.156481
1 0.811458 0.416667 0.028125 0.107407
1 0.670573 0.411574 0.036979 0.112037
1 0.888802 0.399537 0.034896 0.119444
