1 0.127344 0.556944 0.028646 0.091667
1 0.238542 0.527315 0.017708 0.091667
1 0.627865 0.559259 0.029687 0.090741
1 0.837240 0.559722 0.025521 0.108333
1 0.758854 0.478704 0.022917 0.083333
1 0.888542 0.443056 0.020833 0.080556
1 0.730469 0.424074 0.014063 0.079630
0 0.133073 0.590278 0.007812 0.010185
2 0.781510 0.545370 0.029687 0.107407
1 0.781771 0.407407 0.022917 0.068519
1 0.554167 0.504630 0.025000 0.081481
1 0.688021 0.433796 0.018750 0.075000
1 0.710677 0.415741 0.021354 0.072222
1 0.491667 0.456944 0.025000 0.075000
1 0.661458 0.418056 0.016667 0.071296
1 0.588542 0.433796 0.020833 0.080556
1 0.477604 0.402778 0.018750 0.064815
