1 0.109896 0.531944 0.026042 0.108333
2 0.290885 0.479630 0.027604 0.101852
2 0.456771 0.263426 0.009375 0.047222
1 0.755729 0.703704 0.042708 0.131481
1 0.502083 0.587037 0.034375 0.120370
1 0.366927 0.489815 0.040104 0.092593
1 0.595052 0.466667 0.026562 0.090741
1 0.123958 0.443981 0.029167 0.095370
1 0.211979 0.400926 0.018750 0.081481
1 0.290885 0.394907 0.020313 0.082407
1 0.505990 0.610185 0.026562 0.125926
1 0.492708 0.346759 0.026042 0.058333
0 0.465365 0.484722 0.006771 0.012037
1 0.452604 0.334259 0.017708 0.059259
1 0.501302 0.428241 0.023438 0.076852
1 0.357031 0.500463 0.038021 0.091667
1 0.769010 0.383796 0.025521 0.071296
1 0.979948 0.420833 0.017188 0.080556
