1 0.997135 0.535185 0.004687 0.087037
1 0.842448 0.505556 0.021354 0.087037
1 0.942969 0.463426 0.022396 0.082407
2 0.629948 0.524537 0.019271 0.104630
1 0.728125 0.512963 0.034375 0.094444
1 0.854427 0.440278 0.023438 0.080556
1 0.719531 0.444907 0.021354 0.078704
1 0.705469 0.444907 0.019271 0.067593
1 0.687500 0.436111 0.015625 0.075926
1 0.646354 0.436574 0.015625 0.078704
1 0.740104 0.422685 0.014583 0.082407
1 0.874219 0.452315 0.025521 0.086111
1 0.060156 0.491667 0.030729 0.094444
1 0.624479 0.429630 0.015625 0.053704
1 0.622396 0.475926 0.017708 0.087037
1 0.715885 0.402778 0.016146 0.051852
1 0.310417 0.492593 0.026042 0.088889
