1 0.655729 0.755093 0.033333 0.160185
1 0.553125 0.524537 0.018750 0.099074
1 0.561198 0.460185 0.015104 0.087037
1 0.596615 0.472685 0.017188 0.087963
1 0.853906 0.543519 0.027604 0.101852
1 0.741146 0.481481 0.017708 0.098148
1 0.667448 0.467130 0.021354 0.091667
1 0.548438 0.600463 0.021875 0.112037
1 0.517188 0.508796 0.028125 0.093519
1 0.570573 0.469907 0.016146 0.086111
1 0.527865 0.493981 0.024479 0.093519
1 0.586198 0.469444 0.020313 0.085185
1 0.608333 0.467130 0.018750 0.084259
1 0.620313 0.456019 0.019792 0.082407
1 0.650260 0.451389 0.017188 0.089815
1 0.658854 0.441667 0.015625 0.081481
1 0.249219 0.424074 0.020313 0.081481
2 0.941927 0.346759 0.015104 0.060185
2 0.654948 0.536574 0.029687 0.102778
0 0.752344 0.765741 0.010937 0.020370
1 0.685677 0.438426 0.020313 0.091667
