1 0.943229 0.464815 0.017708 0.085185
1 0.967969 0.503241 0.022396 0.080556
1 0.893229 0.430556 0.017708 0.070370
2 0.646875 0.502778 0.029167 0.088889
0 0.076302 0.487500 0.005729 0.010185
1 0.775260 0.479630 0.014063 0.081481
1 0.762760 0.421296 0.015104 0.066667
1 0.830990 0.420370 0.016146 0.070370
1 0.313021 0.465278 0.026042 0.078704
1 0.761979 0.425926 0.011458 0.066667
1 0.747656 0.413889 0.017188 0.066667
1 0.825260 0.408796 0.010937 0.063889
1 0.986979 0.429630 0.013542 0.077778
1 0.068750 0.482407 0.016667 0.074074
1 0.816406 0.399537 0.008854 0.062037
1 0.558854 0.460185 0.026042 0.077778
1 0.767188 0.392593 0.012500 0.064815
1 0.106250 0.479167 0.022917 0.076852
