1 0.028906 0.606944 0.044271 0.106481
1 0.124740 0.587963 0.026562 0.111111
1 0.351562 0.586574 0.027083 0.093519
1 0.777604 0.488889 0.025000 0.083333
1 0.540885 0.539352 0.022396 0.089815
1 0.884375 0.417593 0.014583 0.070370
1 0.344010 0.510648 0.022396 0.095370
0 0.467708 0.438889 0.007292 0.009259
2 0.568229 0.561574 0.020833 0.106481
1 0.730208 0.415741 0.016667 0.066667
1 0.910677 0.417130 0.016146 0.071296
2 0.686198 0.382870 0.014063 0.063889
1 0.571354 0.458333 0.025000 0.068519
1 0.306510 0.544907 0.023438 0.089815
1 0.520052 0.459259 0.024479 0.079630
1 0.244010 0.540741 0.028646 0.085185
1 0.505990 0.448148 0.021354 0.068519
1 0.319531 0.506019 0.026562 0.086111
