1 0.022917 0.586111 0.021875 0.129630
1 0.275781 0.645370 0.043229 0.133333
1 0.048438 0.468981 0.021875 0.093519
1 0.312760 0.547685 0.029687 0.104630
1 0.362240 0.406481 0.027604 0.064815
1 0.535677 0.456944 0.027604 0.062037
1 0.870313 0.556019 0.034375 0.075000
1 0.744010 0.462500 0.029687 0.086111
1 0.516406 0.473148 0.026562 0.077778
1 0.761458 0.552315 0.037500 0.100926
1 0.715365 0.378704 0.026562 0.062963
2 0.521615 0.430556 0.028646 0.074074
1 0.492708 0.481019 0.022917 0.089815
2 0.191667 0.316667 0.019792 0.055556
1 0.497135 0.390741 0.024479 0.072222
1 0.556510 0.426389 0.020313 0.073148
0 0.564583 0.462037 0.008333 0.014815
1 0.384896 0.581019 0.036458 0.097222
1 0.499219 0.742130 0.028646 0.113889
1 0.909115 0.464815 0.030729 0.088889
