1 0.930729 0.584259 0.021875 0.135185
1 0.594792 0.502778 0.025000 0.094444
1 0.870573 0.498148 0.021354 0.103704
2 0.472917 0.592130 0.022917 0.132407
1 0.573958 0.552778 0.020833 0.116667
1 0.803125 0.436574 0.015625 0.091667
1 0.785156 0.466667 0.020313 0.096296
1 0.479167 0.464815 0.018750 0.098148
1 0.615365 0.431481 0.018229 0.085185
1 0.405729 0.472685 0.022917 0.091667
1 0.443229 0.446759 0.021875 0.110185
1 0.470573 0.456944 0.019271 0.095370
1 0.533333 0.453704 0.025000 0.098148
1 0.374740 0.513426 0.038021 0.097222
1 0.305729 0.509722 0.019792 0.106481
1 0.369531 0.533333 0.017188 0.116667
1 0.457813 0.435648 0.019792 0.082407
1 0.630729 0.517130 0.028125 0.097222
