1 0.185938 0.557407 0.020833 0.098148
1 0.298438 0.628704 0.022917 0.112963
1 0.465625 0.347222 0.011458 0.050000
2 0.919010 0.530093 0.024479 0.093519
2 0.943490 0.303241 0.009896 0.037963
1 0.747135 0.751389 0.032813 0.132407
1 0.687500 0.675463 0.028125 0.125000
1 0.940365 0.487963 0.021354 0.079630
1 0.699740 0.585185 0.021354 0.111111
1 0.560417 0.469907 0.021875 0.084259
1 0.281510 0.591667 0.025521 0.098148
1 0.743229 0.399537 0.012500 0.063889
1 0.695573 0.438426 0.022396 0.075000
1 0.836198 0.425463 0.015104 0.067593
1 0.920573 0.382407 0.013021 0.055556
0 0.166927 0.528241 0.006771 0.012037
0 0.193490 0.535185 0.006771 0.012963
