1 0.091667 0.475463 0.027083 0.108333
1 0.815365 0.498148 0.034896 0.120370
1 0.402344 0.524074 0.032813 0.088889
1 0.521875 0.479630 0.022917 0.100000
1 0.552083 0.707870 0.040625 0.134259
1 0.860156 0.511574 0.023438 0.106481
1 0.633854 0.510648 0.025000 0.113889
1 0.329427 0.595833 0.033854 0.108333
1 0.376042 0.576389 0.032292 0.078704
1 0.206771 0.514815 0.023958 0.101852
1 0.822656 0.550000 0.033854 0.109259
1 0.609115 0.478704 0.028646 0.105556
1 0.845313 0.487963 0.023958 0.111111
1 0.770052 0.506481 0.030729 0.107407
1 0.501042 0.525926 0.019792 0.116667
1 0.625781 0.458796 0.014063 0.106481
2 0.357552 0.434259 0.026562 0.094444
0 0.383333 0.618981 0.009375 0.015741
1 0.666667 0.580556 0.034375 0.129630
1 0.692187 0.489352 0.027083 0.115741
