1 0.784635 0.371759 0.019271 0.071296
1 0.628125 0.506019 0.025000 0.099074
1 0.518750 0.646296 0.026042 0.142593
1 0.148177 0.568519 0.030729 0.129630
1 0.181510 0.531481 0.027604 0.127778
1 0.133333 0.561574 0.021875 0.126852
1 0.097396 0.494907 0.029167 0.108333
1 0.704688 0.412037 0.020833 0.085185
1 0.338802 0.487500 0.040104 0.093519
1 0.486979 0.520370 0.030208 0.103704
1 0.235677 0.472685 0.022396 0.106481
1 0.143490 0.553241 0.026562 0.117593
1 0.218229 0.480556 0.027083 0.129630
1 0.172656 0.500000 0.019271 0.114815
1 0.110937 0.521296 0.022917 0.120370
1 0.030729 0.535185 0.021875 0.118519
1 0.186979 0.530556 0.022917 0.118519
2 0.764323 0.359259 0.023438 0.081481
1 0.059896 0.482407 0.021875 0.112963
0 0.873958 0.437037 0.006250 0.009259
1 0.892448 0.400926 0.025521 0.083333
1 0.980469 0.682407 0.035937 0.148148
