1 0.858854 0.710648 0.051042 0.139815
1 0.566927 0.487037 0.025521 0.098148
1 0.090625 0.510185 0.038542 0.103704
1 0.167448 0.575926 0.027604 0.109259
1 0.750000 0.629630 0.046875 0.124074
1 0.168490 0.476389 0.035937 0.093519
1 0.352604 0.526852 0.030208 0.107407
1 0.690365 0.680556 0.033854 0.111111
1 0.537760 0.477778 0.027604 0.094444
1 0.289844 0.547685 0.048438 0.058333
1 0.186979 0.600463 0.034375 0.112037
1 0.051042 0.548611 0.033333 0.104630
1 0.246615 0.527778 0.026562 0.094444
1 0.239323 0.518519 0.024479 0.103704
1 0.265625 0.473611 0.029167 0.073148
1 0.372656 0.520370 0.029687 0.103704
1 0.009115 0.473148 0.018229 0.103704
2 0.685156 0.362037 0.027604 0.055556
2 0.132812 0.612963 0.033333 0.118519
0 0.845313 0.721296 0.013542 0.024074
1 0.214062 0.496296 0.038542 0.107407
1 0.954948 0.700463 0.034896 0.123148
1 0.959896 0.691667 0.042708 0.107407
