1 0.212240 0.487500 0.022396 0.100926
1 0.280208 0.613889 0.027083 0.129630
1 0.371354 0.260648 0.011458 0.052778
2 0.927344 0.472222 0.029687 0.101852
2 0.939844 0.222222 0.009896 0.042593
1 0.694792 0.725926 0.036458 0.140741
1 0.666667 0.695833 0.036458 0.141667
1 0.835156 0.449074 0.025521 0.090741
1 0.543490 0.536111 0.027604 0.114815
1 0.391146 0.405093 0.018750 0.087963
1 0.369531 0.615278 0.034896 0.126852
1 0.670833 0.318519 0.012500 0.064815
1 0.423698 0.404630 0.021354 0.088889
1 0.810156 0.424537 0.018229 0.086111
1 0.876042 0.293981 0.015625 0.056481
0 0.017969 0.460648 0.007812 0.012037
0 0.276823 0.562963 0.009896 0.016667
