1 0.593490 0.479630 0.024479 0.087037
2 0.751042 0.549537 0.035417 0.112037
0 0.142969 0.638889 0.009896 0.014815
1 0.696354 0.494444 0.028125 0.094444
1 0.708073 0.367593 0.017188 0.070370
1 0.809635 0.374537 0.019271 0.073148
2 0.935417 0.282407 0.013542 0.053704
1 0.453125 0.422685 0.017708 0.082407
1 0.629427 0.378241 0.020313 0.071296
1 0.536458 0.480556 0.026042 0.085185
1 0.555990 0.388889 0.015104 0.075926
1 0.446354 0.412500 0.016667 0.082407
1 0.653906 0.382870 0.017188 0.076852
1 0.047656 0.578704 0.033854 0.122222
1 0.345833 0.471296 0.028125 0.077778
1 0.432552 0.555556 0.023438 0.116667
1 0.368229 0.357870 0.022917 0.054630
1 0.487240 0.612037 0.025521 0.125926
