1 0.480990 0.628704 0.041146 0.103704
1 0.152083 0.481944 0.017708 0.089815
1 0.084635 0.598611 0.030729 0.112037
1 0.660937 0.595833 0.027083 0.102778
1 0.046875 0.481019 0.026042 0.093519
1 0.264583 0.520833 0.026042 0.102778
1 0.531250 0.626852 0.037500 0.083333
1 0.311198 0.474074 0.019271 0.087037
1 0.012760 0.476852 0.020313 0.075926
1 0.220833 0.681481 0.042708 0.111111
1 0.116146 0.457870 0.029167 0.093519
1 0.183594 0.501389 0.022396 0.099074
2 0.401823 0.333796 0.017188 0.054630
2 0.030729 0.670370 0.034375 0.133333
0 0.389323 0.632407 0.011979 0.018519
1 0.025781 0.463889 0.026562 0.105556
1 0.623177 0.582407 0.030729 0.111111
1 0.600521 0.614352 0.023958 0.104630
