1 0.865104 0.438426 0.015625 0.075000
1 0.936719 0.514352 0.017188 0.080556
1 0.877604 0.436574 0.013542 0.045370
2 0.542969 0.499537 0.030729 0.091667
0 0.097656 0.522685 0.005729 0.010185
1 0.797135 0.472685 0.015104 0.078704
1 0.693750 0.420833 0.011458 0.067593
1 0.838281 0.412500 0.015104 0.067593
1 0.178646 0.479167 0.016667 0.078704
1 0.814063 0.425463 0.015625 0.063889
1 0.786458 0.402778 0.013542 0.066667
1 0.818229 0.407407 0.012500 0.051852
1 0.991146 0.418056 0.013542 0.073148
1 0.146094 0.488426 0.015104 0.087963
1 0.852344 0.393981 0.011979 0.062037
1 0.536719 0.465741 0.016146 0.079630
1 0.737760 0.395833 0.017188 0.065741
1 0.086719 0.484259 0.022396 0.075926
