0 0.550000 0.375463 0.011458 0.019444
1 0.024740 0.275000 0.032813 0.096296
1 0.018750 0.765741 0.037500 0.151852
1 0.240625 0.465278 0.039583 0.143519
1 0.241927 0.393056 0.025521 0.097222
2 0.257812 0.420370 0.023958 0.127778
1 0.439063 0.525463 0.046875 0.156481
1 0.546615 0.458333 0.036979 0.131481
1 0.497917 0.316204 0.031250 0.108333
1 0.589583 0.454630 0.046875 0.120370
1 0.332031 0.528704 0.045312 0.157407
1 0.606250 0.381481 0.027083 0.124074
1 0.618229 0.450926 0.044792 0.127778
1 0.749479 0.381944 0.036458 0.117593
1 0.775521 0.479630 0.028125 0.144444
1 0.837240 0.457407 0.036979 0.120370
