1 0.127344 0.503704 0.026562 0.129630
2 0.219271 0.381019 0.023958 0.112037
1 0.495573 0.912500 0.035937 0.171296
1 0.487500 0.657407 0.037500 0.164815
0 0.505469 0.538889 0.010937 0.018519
1 0.472135 0.379630 0.020313 0.116667
1 0.498437 0.320833 0.025000 0.099074
1 0.514583 0.371759 0.027083 0.106481
1 0.533854 0.387500 0.014583 0.110185
1 0.553906 0.488889 0.018229 0.133333
1 0.652344 0.747685 0.030729 0.184259
1 0.745833 0.392130 0.030208 0.115741
1 0.881510 0.555556 0.025521 0.144444
1 0.907292 0.478704 0.030208 0.133333
