1 0.734896 0.504630 0.034375 0.127778
1 0.179167 0.543981 0.050000 0.117593
1 0.470833 0.454630 0.028125 0.109259
1 0.713281 0.666204 0.049479 0.145370
1 0.724219 0.500926 0.022396 0.116667
1 0.610938 0.465278 0.033333 0.115741
1 0.394010 0.580093 0.041146 0.136111
1 0.452083 0.589352 0.028125 0.110185
1 0.082031 0.484259 0.028646 0.114815
1 0.867448 0.540741 0.029687 0.118519
1 0.505208 0.471296 0.030208 0.114815
1 0.864844 0.478704 0.024479 0.109259
1 0.737760 0.497222 0.030729 0.107407
1 0.397135 0.512963 0.041146 0.100000
1 0.643750 0.445370 0.028125 0.103704
2 0.240625 0.443981 0.029167 0.112037
1 0.916927 0.431019 0.022396 0.113889
1 0.632552 0.569444 0.035937 0.131481
1 0.667448 0.472685 0.034896 0.117593
