1 0.740104 0.509259 0.031250 0.127778
1 0.228385 0.543056 0.051562 0.113889
1 0.483333 0.457407 0.027083 0.109259
1 0.725260 0.674537 0.049479 0.145370
1 0.738802 0.509259 0.024479 0.124074
1 0.621094 0.469444 0.036979 0.114815
1 0.390885 0.585648 0.042188 0.136111
1 0.457031 0.586111 0.031771 0.107407
1 0.108073 0.488889 0.031771 0.114815
1 0.876823 0.543519 0.031771 0.122222
1 0.524740 0.472222 0.032813 0.114815
1 0.875781 0.481481 0.026562 0.114815
1 0.751302 0.500000 0.030729 0.107407
1 0.395052 0.521296 0.048438 0.105556
1 0.654948 0.448148 0.026562 0.103704
2 0.260417 0.441667 0.028125 0.111111
1 0.946354 0.433796 0.021875 0.113889
0 0.440625 0.009259 0.010417 0.018519
1 0.650260 0.573611 0.036979 0.132407
1 0.680990 0.471759 0.031771 0.117593
