1 0.061198 0.410185 0.013021 0.074074
1 0.146354 0.670370 0.023958 0.120370
1 0.576302 0.569444 0.022396 0.109259
1 0.300260 0.507407 0.015104 0.087037
1 0.546615 0.511574 0.018229 0.093519
1 0.630469 0.550000 0.015104 0.096296
1 0.594271 0.538426 0.013542 0.091667
1 0.561458 0.514815 0.014583 0.092593
1 0.628125 0.549074 0.011458 0.107407
1 0.447656 0.495833 0.015104 0.080556
1 0.319792 0.432870 0.010417 0.075000
1 0.677604 0.564352 0.014583 0.093519
1 0.560156 0.509722 0.015104 0.093519
1 0.612760 0.537037 0.015104 0.094444
1 0.621094 0.535648 0.010937 0.097222
1 0.586719 0.519444 0.010937 0.094444
1 0.536979 0.494444 0.013542 0.087037
2 0.308333 0.476389 0.017708 0.082407
1 0.942448 0.462963 0.016146 0.085185
0 0.096875 0.453704 0.006250 0.009259
1 0.631771 0.557870 0.017708 0.102778
1 0.613021 0.523611 0.016667 0.091667
