1 0.127604 0.504167 0.026042 0.130556
2 0.211198 0.379630 0.019271 0.112963
1 0.492188 0.912500 0.036458 0.171296
1 0.487500 0.658796 0.036458 0.163889
0 0.505990 0.539815 0.010937 0.018519
1 0.467708 0.381944 0.022917 0.119444
1 0.498177 0.322685 0.024479 0.099074
1 0.514844 0.373611 0.027604 0.106481
1 0.535677 0.387037 0.016146 0.111111
1 0.553906 0.493056 0.017188 0.132407
1 0.659115 0.747222 0.026562 0.185185
1 0.773958 0.398611 0.027083 0.125000
1 0.882292 0.557870 0.022917 0.145370
1 0.897135 0.483333 0.023438 0.135185
