1 0.141146 0.561574 0.040625 0.086111
1 0.225521 0.525926 0.027083 0.088889
1 0.563542 0.578704 0.039583 0.103704
1 0.793750 0.566204 0.023958 0.108333
1 0.728906 0.488889 0.029687 0.088889
1 0.873177 0.438426 0.024479 0.076852
1 0.732292 0.420370 0.021875 0.081481
0 0.169010 0.595370 0.007812 0.011111
2 0.710156 0.554630 0.029687 0.114815
1 0.968229 0.390278 0.030208 0.091667
1 0.743229 0.409722 0.012500 0.069444
1 0.526823 0.501852 0.022396 0.081481
1 0.657292 0.438889 0.030208 0.077778
1 0.673177 0.417130 0.021354 0.073148
1 0.461458 0.467130 0.020833 0.062037
1 0.627344 0.425000 0.024479 0.066667
1 0.566146 0.433333 0.017708 0.081481
1 0.480208 0.416204 0.021875 0.058333
