1 0.361979 0.611111 0.034375 0.083333
1 0.463542 0.471296 0.017708 0.075926
1 0.610938 0.782870 0.040625 0.115741
1 0.879948 0.456944 0.017188 0.075000
2 0.586719 0.290741 0.009896 0.040741
1 0.620052 0.361111 0.013021 0.059259
1 0.654427 0.726852 0.028646 0.103704
1 0.629167 0.581481 0.025000 0.094444
1 0.926042 0.509722 0.023958 0.086111
1 0.228646 0.487500 0.018750 0.080556
1 0.413542 0.407407 0.013542 0.064815
1 0.532292 0.370370 0.012500 0.055556
2 0.660937 0.512500 0.017708 0.084259
1 0.244010 0.517593 0.026562 0.085185
0 0.361719 0.650000 0.006771 0.011111
1 0.355990 0.593519 0.033854 0.075926
1 0.144271 0.589815 0.022917 0.088889
1 0.309635 0.658333 0.038021 0.092593
1 0.011719 0.400000 0.015104 0.068519
