1 0.131510 0.555093 0.033854 0.086111
1 0.226562 0.530556 0.025000 0.083333
1 0.603385 0.569907 0.034896 0.095370
1 0.822917 0.559722 0.031250 0.110185
1 0.744271 0.480556 0.018750 0.085185
1 0.883594 0.442130 0.018229 0.078704
1 0.728906 0.426389 0.015104 0.078704
0 0.143229 0.589815 0.008333 0.011111
2 0.753906 0.551389 0.032813 0.106481
1 0.991667 0.391204 0.015625 0.080556
1 0.765104 0.408796 0.017708 0.069444
1 0.539844 0.501389 0.022396 0.084259
1 0.677865 0.434722 0.018229 0.076852
1 0.699740 0.417593 0.019271 0.072222
1 0.473958 0.460648 0.022917 0.071296
1 0.651302 0.419444 0.021354 0.070370
1 0.581510 0.435648 0.016146 0.082407
1 0.479167 0.408796 0.021875 0.062037
