1 0.288021 0.536574 0.031250 0.093519
1 0.457031 0.800463 0.041146 0.165741
2 0.818490 0.323611 0.021354 0.078704
2 0.492969 0.148611 0.007812 0.036111
1 0.624740 0.292593 0.018229 0.068519
1 0.732031 0.312963 0.017188 0.074074
1 0.204687 0.354167 0.018750 0.087963
1 0.670052 0.598611 0.026562 0.130556
1 0.458854 0.215741 0.013542 0.053704
1 0.341406 0.454630 0.028646 0.098148
1 0.610156 0.306481 0.015104 0.072222
1 0.780729 0.178241 0.008333 0.039815
0 0.299740 0.567593 0.008854 0.014815
1 0.708073 0.215741 0.016146 0.053704
1 0.836719 0.237037 0.015104 0.055556
