1 0.289062 0.543981 0.025000 0.095370
1 0.518229 0.435648 0.017708 0.069444
1 0.541927 0.368056 0.014063 0.058333
1 0.370573 0.321759 0.010937 0.049074
1 0.336979 0.349537 0.012500 0.043519
1 0.460156 0.386111 0.017188 0.068519
2 0.338281 0.379167 0.014063 0.060185
0 0.570312 0.366667 0.004167 0.007407
1 0.391406 0.363889 0.014063 0.059259
1 0.242969 0.424074 0.014063 0.072222
1 0.544792 0.418519 0.012500 0.072222
1 0.661979 0.405093 0.014583 0.063889
1 0.556771 0.547685 0.016667 0.099074
1 0.570573 0.392593 0.016146 0.066667
1 0.693750 0.400463 0.016667 0.069444
1 0.624740 0.436574 0.013021 0.069444
1 0.644010 0.356944 0.015104 0.058333
1 0.668229 0.486574 0.015625 0.078704
1 0.758854 0.606481 0.022917 0.107407
