1 0.147917 0.464815 0.023958 0.120370
2 0.297396 0.355093 0.029167 0.104630
1 0.492708 0.911574 0.038542 0.175000
1 0.498437 0.608796 0.035417 0.154630
0 0.506510 0.497222 0.010937 0.018519
1 0.476562 0.350000 0.025000 0.107407
1 0.506250 0.295370 0.019792 0.090741
1 0.505729 0.341667 0.017708 0.101852
1 0.525260 0.357407 0.018229 0.100000
1 0.546875 0.453704 0.022917 0.122222
1 0.604167 0.687500 0.036458 0.169444
1 0.702604 0.351852 0.020833 0.111111
1 0.854688 0.514352 0.021875 0.136111
1 0.885938 0.412963 0.018750 0.122222
1 0.064323 0.317130 0.018229 0.097222
1 0.981771 0.313426 0.020833 0.102778
2 0.042708 0.199537 0.016667 0.073148
