1 0.921354 0.578704 0.027083 0.131481
1 0.980208 0.535185 0.032292 0.122222
1 0.580469 0.512963 0.025521 0.098148
1 0.852865 0.500926 0.021354 0.103704
2 0.435417 0.582870 0.045833 0.130556
1 0.571875 0.553704 0.022917 0.118519
1 0.805469 0.441204 0.020313 0.091667
1 0.772135 0.463426 0.031771 0.095370
1 0.468750 0.464815 0.019792 0.100000
1 0.613021 0.437037 0.017708 0.087037
1 0.421354 0.470370 0.019792 0.092593
1 0.441667 0.451389 0.019792 0.100926
1 0.491146 0.453241 0.020833 0.100926
1 0.576042 0.452778 0.015625 0.075926
1 0.241146 0.499074 0.044792 0.092593
1 0.311979 0.501852 0.021875 0.105556
1 0.368229 0.532407 0.022917 0.114815
1 0.454688 0.430093 0.022917 0.086111
1 0.512760 0.525926 0.035937 0.098148
