1 0.149740 0.786111 0.035937 0.153704
1 0.257552 0.687963 0.039062 0.127778
1 0.127083 0.600926 0.035417 0.127778
1 0.324740 0.448611 0.026562 0.073148
1 0.310417 0.481019 0.026042 0.087963
1 0.368229 0.482407 0.027083 0.081481
1 0.352865 0.524074 0.021354 0.112963
2 0.270313 0.499074 0.017708 0.101852
0 0.377865 0.367130 0.008854 0.013889
1 0.446354 0.505093 0.025000 0.087963
1 0.283594 0.535185 0.019271 0.105556
1 0.396094 0.550000 0.024479 0.109259
1 0.431250 0.498611 0.019792 0.086111
1 0.367969 0.717130 0.032813 0.152778
1 0.502865 0.543056 0.029687 0.110185
1 0.557031 0.551852 0.040104 0.111111
1 0.602865 0.565278 0.025521 0.100926
1 0.747396 0.487500 0.021875 0.087963
1 0.914062 0.711574 0.026042 0.143519
