1 0.107813 0.388889 0.022917 0.094444
1 0.447135 0.422222 0.047396 0.096296
1 0.364063 0.579167 0.021875 0.125000
1 0.360938 0.378241 0.038542 0.084259
1 0.482552 0.751389 0.058854 0.156481
1 0.595833 0.490278 0.023958 0.106481
1 0.473698 0.487963 0.021354 0.111111
1 0.372396 0.632870 0.031250 0.137963
1 0.580729 0.686111 0.039583 0.131481
1 0.079687 0.523148 0.027083 0.112963
1 0.679427 0.537037 0.034896 0.107407
1 0.258073 0.422685 0.015104 0.100926
1 0.461719 0.402778 0.023438 0.088889
1 0.574740 0.469444 0.030729 0.107407
1 0.466406 0.452778 0.028646 0.105556
1 0.411198 0.382407 0.030729 0.081481
2 0.128906 0.397222 0.028646 0.098148
1 0.719792 0.375463 0.036458 0.067593
0 0.562500 0.363426 0.009375 0.019444
1 0.541927 0.551852 0.030729 0.122222
1 0.529687 0.420370 0.025000 0.098148
