1 0.270313 0.491667 0.023958 0.118519
1 0.041146 0.424074 0.025000 0.101852
1 0.547396 0.641204 0.031250 0.136111
1 0.250260 0.610185 0.033854 0.129630
1 0.716406 0.610185 0.026562 0.109259
1 0.249219 0.550463 0.027604 0.128704
1 0.199219 0.561111 0.029687 0.131481
1 0.036719 0.470833 0.034896 0.113889
1 0.287500 0.531481 0.026042 0.127778
0 0.784375 0.575000 0.009375 0.012963
1 0.134635 0.567130 0.042188 0.130556
1 0.431771 0.613426 0.026042 0.132407
1 0.361458 0.912963 0.050000 0.172222
1 0.867708 0.499537 0.028125 0.117593
