1 0.969792 0.538889 0.021875 0.122222
1 0.724740 0.468056 0.015104 0.100926
1 0.823177 0.429630 0.028646 0.077778
1 0.808073 0.645370 0.030729 0.137037
1 0.488281 0.783796 0.051562 0.162037
1 0.432812 0.559259 0.034375 0.114815
2 0.642708 0.464815 0.023958 0.090741
2 0.240625 0.335648 0.016667 0.065741
1 0.217188 0.652778 0.041667 0.131481
1 0.262240 0.519444 0.036979 0.101852
1 0.219531 0.453241 0.019271 0.089815
1 0.360938 0.394444 0.015625 0.077778
1 0.716927 0.392130 0.019271 0.073148
1 0.784115 0.458796 0.028646 0.086111
1 0.882292 0.560648 0.034375 0.113889
0 0.288021 0.553704 0.009375 0.012963
