1 0.366927 0.316667 0.022396 0.083333
0 0.526302 0.518981 0.011979 0.025000
2 0.353906 0.521296 0.045312 0.137037
1 0.264844 0.439815 0.026562 0.120370
1 0.690365 0.745370 0.050521 0.162963
1 0.296615 0.429167 0.032813 0.117593
1 0.443229 0.384722 0.029167 0.097222
1 0.521615 0.360185 0.024479 0.101852
1 0.532292 0.357870 0.023958 0.089815
1 0.459896 0.377315 0.026042 0.097222
1 0.598177 0.524537 0.044271 0.121296
1 0.091927 0.569444 0.036979 0.133333
1 0.657813 0.705556 0.041667 0.164815
1 0.362760 0.409259 0.029687 0.114815
1 0.330990 0.446759 0.030729 0.121296
1 0.765885 0.428241 0.031771 0.113889
1 0.673177 0.350463 0.038021 0.084259
1 0.719010 0.320833 0.027604 0.097222
