1 0.279948 0.541204 0.034896 0.112037
1 0.553125 0.487500 0.029167 0.119444
1 0.487760 0.504167 0.025521 0.121296
1 0.616927 0.500926 0.028646 0.124074
1 0.472135 0.482407 0.029687 0.118519
1 0.742448 0.490278 0.033854 0.113889
1 0.677083 0.523611 0.022917 0.130556
1 0.839583 0.456019 0.022917 0.117593
1 0.320052 0.554167 0.051562 0.112037
1 0.704427 0.521759 0.027604 0.113889
1 0.435417 0.465278 0.029167 0.117593
1 0.550260 0.459722 0.030729 0.106481
1 0.996875 0.738889 0.005208 0.011111
1 0.656771 0.502315 0.025000 0.136111
2 0.608594 0.683333 0.058854 0.157407
1 0.264323 0.455093 0.024479 0.113889
