1 0.255990 0.800926 0.029687 0.107407
1 0.238802 0.529630 0.024479 0.075926
1 0.086719 0.406944 0.019271 0.076852
2 0.124740 0.190741 0.017188 0.048148
1 0.283073 0.245370 0.016146 0.051852
2 0.445052 0.300463 0.016146 0.060185
1 0.308594 0.297685 0.013021 0.058333
1 0.362760 0.487037 0.020313 0.085185
0 0.154427 0.438889 0.005729 0.009259
1 0.435677 0.325000 0.011979 0.057407
1 0.463802 0.313426 0.016146 0.056481
1 0.540885 0.231019 0.014063 0.049074
1 0.477344 0.211111 0.013021 0.048148
1 0.571094 0.346759 0.018229 0.060185
1 0.591667 0.443981 0.016667 0.076852
1 0.592187 0.557870 0.021875 0.091667
1 0.587240 0.272685 0.016146 0.056481
1 0.652083 0.356944 0.016667 0.065741
1 0.637240 0.360648 0.013021 0.063889
1 0.571094 0.253704 0.014063 0.051852
1 0.707552 0.437500 0.018229 0.076852
1 0.929167 0.850926 0.039583 0.111111
1 0.705729 0.587963 0.021875 0.088889
