2 0.115625 0.490741 0.045833 0.120370
1 0.682552 0.602315 0.029687 0.136111
0 0.536719 0.486111 0.006771 0.009259
1 0.788802 0.518056 0.032813 0.106481
1 0.435417 0.510185 0.026042 0.122222
1 0.167708 0.457407 0.022917 0.111111
1 0.481250 0.457407 0.026042 0.040741
1 0.323437 0.512963 0.023958 0.114815
1 0.564323 0.472685 0.023438 0.099074
1 0.648438 0.463426 0.025000 0.099074
1 0.085677 0.515741 0.052604 0.114815
1 0.767708 0.531481 0.023958 0.118519
1 0.504427 0.481481 0.025521 0.033333
1 0.487240 0.474074 0.021354 0.112963
1 0.577344 0.579167 0.024479 0.123148
1 0.489063 0.484722 0.037500 0.041667
1 0.512500 0.524537 0.038542 0.106481
