2 0.126302 0.668981 0.049479 0.134259
1 0.023958 0.497222 0.030208 0.103704
1 0.421094 0.606944 0.039062 0.117593
1 0.119271 0.512963 0.029167 0.109259
1 0.006771 0.513889 0.013542 0.098148
1 0.084115 0.689352 0.034896 0.141667
1 0.539583 0.532407 0.033333 0.096296
1 0.081771 0.521759 0.035417 0.099074
1 0.005729 0.543981 0.011458 0.069444
1 0.122917 0.502315 0.026042 0.102778
0 0.717708 0.480093 0.014583 0.021296
1 0.285677 0.449537 0.029687 0.082407
1 0.494531 0.490741 0.036979 0.088889
1 0.158073 0.587500 0.038021 0.108333
1 0.300781 0.561574 0.030729 0.104630
2 0.437500 0.340741 0.019792 0.055556
1 0.743750 0.579167 0.033333 0.130556
1 0.796354 0.617130 0.038542 0.099074
