2 0.248438 0.544907 0.051042 0.121296
1 0.019271 0.467593 0.038542 0.125926
1 0.291406 0.491667 0.038021 0.118519
1 0.303906 0.588426 0.048438 0.128704
1 0.106250 0.458333 0.042708 0.101852
1 0.007812 0.528704 0.015625 0.118519
1 0.065625 0.415278 0.033333 0.102778
0 0.693490 0.004167 0.008854 0.008333
1 0.487500 0.462963 0.035417 0.103704
1 0.537240 0.455093 0.042188 0.106481
1 0.580208 0.644907 0.051042 0.136111
1 0.325781 0.454167 0.039062 0.097222
2 0.034896 0.313426 0.021875 0.067593
1 0.793490 0.642593 0.051562 0.144444
1 0.740625 0.476389 0.045833 0.097222
1 0.474479 0.547222 0.045833 0.120370
1 0.810937 0.464815 0.057292 0.105556
