1 0.840885 0.704630 0.031771 0.148148
1 0.730729 0.470370 0.023958 0.072222
1 0.618750 0.514352 0.041667 0.052778
1 0.600000 0.518519 0.036458 0.044444
1 0.328125 0.462037 0.017708 0.072222
1 0.932292 0.463889 0.025000 0.079630
1 0.277083 0.520370 0.017708 0.090741
1 0.345313 0.396296 0.013542 0.059259
1 0.640625 0.436574 0.015625 0.069444
1 0.730990 0.422685 0.020313 0.052778
2 0.160938 0.371759 0.017708 0.056481
1 0.285417 0.400926 0.012500 0.059259
1 0.146615 0.516667 0.023438 0.090741
2 0.067187 0.572685 0.039583 0.104630
1 0.052604 0.458796 0.018750 0.080556
1 0.034896 0.450926 0.013542 0.079630
