1 0.105208 0.483333 0.039583 0.090741
1 0.109115 0.610648 0.040104 0.126852
1 0.161458 0.408796 0.021875 0.093519
1 0.321615 0.490278 0.029687 0.104630
1 0.349219 0.371296 0.021354 0.064815
1 0.692448 0.347222 0.023438 0.068519
1 0.933854 0.400463 0.028125 0.082407
1 0.608594 0.420370 0.025521 0.085185
1 0.790365 0.539815 0.027604 0.109259
1 0.731250 0.334722 0.029167 0.058333
2 0.635677 0.442593 0.025521 0.081481
1 0.582031 0.427778 0.024479 0.087037
2 0.282292 0.312963 0.019792 0.055556
1 0.369792 0.355093 0.022917 0.067593
1 0.703646 0.362037 0.026042 0.066667
0 0.719010 0.356019 0.006771 0.012037
1 0.169271 0.569444 0.034375 0.105556
1 0.252083 0.826389 0.040625 0.147222
