1 0.986719 0.514352 0.021354 0.093519
1 0.728125 0.463889 0.020833 0.087037
1 0.814323 0.412963 0.026562 0.081481
1 0.806250 0.637500 0.032292 0.141667
1 0.399219 0.779630 0.029687 0.164815
1 0.381510 0.518981 0.026562 0.121296
2 0.689063 0.461111 0.032292 0.092593
2 0.229427 0.324074 0.014063 0.068519
1 0.177604 0.668519 0.036458 0.144444
1 0.283854 0.505093 0.018750 0.102778
1 0.202865 0.441204 0.017188 0.093519
1 0.352344 0.381944 0.014063 0.080556
1 0.764323 0.382407 0.016146 0.083333
1 0.872917 0.453241 0.029167 0.097222
1 0.987500 0.568981 0.023958 0.123148
0 0.325000 0.501852 0.009375 0.012963
