1 0.614583 0.519907 0.026042 0.117593
1 0.994010 0.477778 0.010937 0.100000
1 0.660417 0.485185 0.015625 0.107407
1 0.675521 0.503241 0.025000 0.104630
1 0.508333 0.366667 0.016667 0.072222
1 0.520833 0.409259 0.020833 0.087037
1 0.495833 0.469907 0.019792 0.095370
1 0.290104 0.420370 0.020833 0.085185
1 0.373437 0.383333 0.018750 0.077778
1 0.794531 0.401389 0.023438 0.076852
2 0.306250 0.270370 0.013542 0.051852
0 0.498177 0.437500 0.006771 0.010185
1 0.241146 0.364815 0.017708 0.070370
1 0.305208 0.447222 0.025000 0.090741
2 0.423438 0.462500 0.022917 0.121296
1 0.253646 0.440278 0.023958 0.095370
1 0.113281 0.401389 0.018229 0.084259
1 0.236198 0.549074 0.032813 0.118519
1 0.471875 0.604630 0.030208 0.118519
1 0.021875 0.722685 0.039583 0.150926
