1 0.052865 0.579167 0.044271 0.104630
1 0.273177 0.503704 0.036979 0.094444
1 0.247396 0.517130 0.029167 0.095370
1 0.330208 0.487037 0.022917 0.087037
1 0.150521 0.532407 0.030208 0.098148
1 0.398698 0.478241 0.021354 0.087963
1 0.385156 0.501389 0.033854 0.086111
1 0.592448 0.504630 0.020313 0.094444
1 0.845573 0.420833 0.022396 0.086111
1 0.484896 0.461574 0.025000 0.089815
1 0.046354 0.584259 0.030208 0.112963
1 0.427344 0.514815 0.024479 0.096296
1 0.179948 0.529630 0.038021 0.105556
1 0.835156 0.525926 0.020313 0.103704
1 0.292708 0.498611 0.021875 0.089815
1 0.586458 0.601852 0.025000 0.116667
1 0.348438 0.491667 0.029167 0.094444
2 0.275000 0.639815 0.030208 0.122222
2 0.754948 0.314352 0.025521 0.056481
0 0.492708 0.319444 0.005208 0.007407
1 0.064062 0.458796 0.033333 0.071296
