1 0.986979 0.533333 0.025000 0.129630
1 0.726302 0.454630 0.026562 0.096296
1 0.804427 0.412037 0.032813 0.085185
1 0.804948 0.638889 0.028646 0.144444
1 0.371094 0.774074 0.051562 0.164815
1 0.370312 0.512500 0.025000 0.125000
2 0.704167 0.462963 0.027083 0.096296
2 0.220573 0.321296 0.014063 0.068519
1 0.172656 0.679630 0.044271 0.148148
1 0.291667 0.505093 0.030208 0.106481
1 0.196094 0.436111 0.015104 0.094444
1 0.350521 0.382870 0.023958 0.076852
1 0.783854 0.379630 0.015625 0.085185
1 0.917448 0.456019 0.031771 0.099074
0 0.342969 0.478704 0.008854 0.012963
