1 0.382812 0.516667 0.023958 0.100000
2 0.841927 0.231944 0.021354 0.071296
1 0.377604 0.599074 0.028125 0.107407
1 0.278906 0.814352 0.028646 0.123148
1 0.591406 0.548611 0.027604 0.099074
1 0.592969 0.425463 0.027604 0.087963
1 0.656771 0.470370 0.027083 0.088889
1 0.533854 0.661574 0.021875 0.086111
0 0.324479 0.522222 0.008333 0.014815
1 0.415365 0.512963 0.022396 0.098148
1 0.769271 0.638426 0.023958 0.104630
1 0.161719 0.549537 0.024479 0.095370
2 0.697396 0.709259 0.029167 0.111111
1 0.733594 0.454167 0.027604 0.086111
1 0.725521 0.587963 0.023958 0.087037
1 0.932031 0.561574 0.029687 0.093519
1 0.870833 0.420833 0.030208 0.080556
1 0.974479 0.563889 0.028125 0.107407
