2 0.781510 0.507870 0.019271 0.076852
1 0.677604 0.468981 0.014583 0.065741
1 0.725260 0.442130 0.014063 0.063889
1 0.701302 0.454167 0.025521 0.063889
1 0.838542 0.452778 0.020833 0.068519
1 0.832552 0.459259 0.025521 0.062963
1 0.686719 0.466667 0.014063 0.064815
1 0.690625 0.451852 0.015625 0.061111
1 0.711979 0.454630 0.013542 0.061111
1 0.734115 0.444907 0.011979 0.060185
1 0.697917 0.452778 0.012500 0.062963
1 0.812500 0.456019 0.022917 0.065741
1 0.830990 0.450463 0.015104 0.063889
1 0.745052 0.444444 0.018229 0.062963
1 0.109375 0.533333 0.022917 0.064815
0 0.147656 0.570370 0.006771 0.011111
1 0.969531 0.445370 0.026562 0.062963
1 0.983854 0.447685 0.016667 0.063889
