1 0.557552 0.675926 0.068229 0.098148
1 0.794531 0.660185 0.043229 0.146296
2 0.468490 0.381019 0.026562 0.095370
1 0.865104 0.476852 0.052083 0.127778
1 0.513802 0.712963 0.033854 0.087037
1 0.559115 0.545833 0.036979 0.136111
1 0.914062 0.262037 0.019792 0.079630
1 0.933854 0.249537 0.018750 0.075000
0 0.530990 0.687037 0.005729 0.018519
1 0.667448 0.368981 0.026562 0.104630
1 0.369010 0.482870 0.042188 0.119444
1 0.491146 0.352315 0.025000 0.093519
1 0.379948 0.239815 0.026562 0.068519
1 0.347917 0.251389 0.022917 0.073148
2 0.349479 0.159259 0.020833 0.050000
1 0.263021 0.307407 0.030208 0.092593
1 0.130469 0.318056 0.023438 0.087963
1 0.050000 0.424537 0.030208 0.112037
1 0.184115 0.502778 0.039062 0.118519
1 0.054948 0.547222 0.035937 0.124074
