1 0.313281 0.737500 0.029687 0.097222
1 0.240885 0.523148 0.019271 0.075926
1 0.116406 0.393981 0.014063 0.076852
2 0.169271 0.178704 0.013542 0.048148
1 0.285417 0.220370 0.015625 0.051852
2 0.282031 0.324074 0.016146 0.057407
1 0.312240 0.343056 0.015104 0.062037
0 0.411198 0.762037 0.026562 0.098148
0 0.475000 0.728704 0.028125 0.088889
1 0.434635 0.734722 0.021354 0.099074
1 0.421094 0.505556 0.017188 0.077778
0 0.182552 0.437037 0.005729 0.009259
1 0.451562 0.331481 0.015625 0.057407
1 0.488802 0.300463 0.011979 0.056481
1 0.561979 0.231944 0.012500 0.049074
1 0.450781 0.188889 0.013021 0.048148
1 0.582031 0.345833 0.011979 0.060185
1 0.575521 0.429167 0.014583 0.065741
1 0.529167 0.436574 0.017708 0.075000
1 0.605208 0.277315 0.015625 0.060185
1 0.654427 0.353241 0.010937 0.065741
1 0.644792 0.343981 0.011458 0.063889
1 0.617188 0.269444 0.013542 0.059259
1 0.733073 0.469907 0.020313 0.078704
1 0.914583 0.906481 0.030208 0.109259
