2 0.523698 0.595370 0.042188 0.127778
1 0.352344 0.523611 0.035937 0.113889
1 0.316406 0.480556 0.038021 0.103704
1 0.567448 0.504167 0.034896 0.115741
1 0.670312 0.535648 0.029167 0.126852
1 0.597917 0.675463 0.037500 0.149074
1 0.247656 0.531481 0.030729 0.112963
1 0.845573 0.509722 0.033854 0.113889
1 0.619792 0.458333 0.029167 0.096296
1 0.535417 0.517130 0.034375 0.113889
1 0.346354 0.462963 0.027083 0.101852
1 0.316146 0.486574 0.044792 0.106481
1 0.014844 0.428704 0.022396 0.085185
0 0.348958 0.400463 0.010417 0.015741
1 0.871875 0.476852 0.032292 0.107407
1 0.843490 0.624537 0.036979 0.130556
1 0.828646 0.525926 0.034375 0.109259
2 0.798438 0.323148 0.025000 0.061111
1 0.801302 0.728241 0.042188 0.175000
