1 0.963021 0.604167 0.026042 0.130556
1 0.637760 0.495370 0.021354 0.096296
1 0.516667 0.493056 0.018750 0.087963
1 0.335677 0.771759 0.033854 0.154630
1 0.259375 0.837500 0.040625 0.163889
1 0.298958 0.682870 0.038542 0.147222
2 0.379688 0.487037 0.020833 0.090741
2 0.096354 0.365278 0.015625 0.065741
1 0.172135 0.620370 0.021354 0.118519
1 0.050000 0.535185 0.025000 0.100000
1 0.088542 0.492593 0.020833 0.087037
1 0.120313 0.438889 0.015625 0.079630
1 0.508333 0.412500 0.018750 0.073148
1 0.501823 0.476389 0.018229 0.086111
1 0.517448 0.554167 0.025521 0.102778
