1 0.145833 0.553241 0.019792 0.087963
1 0.195312 0.507407 0.014583 0.114815
1 0.236458 0.492593 0.014583 0.088889
1 0.275521 0.478241 0.016667 0.089815
1 0.295573 0.480093 0.018229 0.087963
1 0.430208 0.528241 0.019792 0.091667
1 0.445833 0.429167 0.020833 0.080556
1 0.607552 0.395370 0.015104 0.066667
1 0.690365 0.427778 0.014063 0.077778
1 0.707031 0.431481 0.016146 0.079630
1 0.239063 0.555093 0.029167 0.099074
1 0.219271 0.503704 0.016667 0.088889
1 0.292708 0.500463 0.026042 0.091667
1 0.765625 0.481019 0.016667 0.089815
1 0.622656 0.475926 0.028646 0.090741
1 0.925260 0.587963 0.019271 0.103704
1 0.835677 0.460185 0.018229 0.085185
1 0.458333 0.453704 0.017708 0.088889
1 0.796354 0.387500 0.017708 0.062037
1 0.911979 0.412037 0.017708 0.077778
2 0.758333 0.476852 0.019792 0.087037
2 0.585417 0.310648 0.011458 0.054630
0 0.795312 0.387963 0.004167 0.007407
