1 0.358073 0.462963 0.029687 0.116667
1 0.406771 0.558333 0.025000 0.120370
1 0.256771 0.863889 0.040625 0.125926
1 0.605990 0.545370 0.031771 0.114815
1 0.619792 0.383796 0.021875 0.117593
1 0.640104 0.474074 0.027083 0.127778
1 0.480469 0.654630 0.024479 0.125926
0 0.347917 0.514815 0.010417 0.014815
1 0.457031 0.500463 0.026562 0.123148
1 0.837240 0.647222 0.025521 0.129630
1 0.382292 0.525000 0.031250 0.105556
2 0.757552 0.775463 0.042188 0.149074
1 0.735417 0.449537 0.030208 0.113889
1 0.701562 0.537963 0.025000 0.103704
1 0.986198 0.555556 0.026562 0.116667
1 0.842969 0.361111 0.032813 0.098148
