1 0.299479 0.740741 0.029167 0.094444
1 0.283594 0.492130 0.019271 0.071296
1 0.107552 0.401852 0.015104 0.074074
2 0.162500 0.180556 0.011458 0.048148
1 0.264323 0.227778 0.016146 0.051852
2 0.266406 0.325926 0.015104 0.057407
1 0.292448 0.348611 0.015104 0.062037
0 0.392448 0.650463 0.021354 0.087963
0 0.438021 0.622222 0.025000 0.081481
1 0.405729 0.626852 0.019792 0.085185
1 0.409115 0.524537 0.020313 0.084259
0 0.166927 0.440741 0.005729 0.009259
1 0.434115 0.341667 0.017188 0.066667
1 0.472396 0.301389 0.012500 0.056481
1 0.508594 0.221759 0.011979 0.049074
1 0.423177 0.187963 0.013021 0.048148
1 0.533073 0.331019 0.014063 0.058333
1 0.559896 0.430093 0.013542 0.067593
1 0.506510 0.444907 0.018229 0.075000
1 0.582292 0.281944 0.015625 0.062037
1 0.620313 0.351852 0.016667 0.064815
1 0.620052 0.343056 0.014063 0.063889
1 0.599740 0.271759 0.013021 0.060185
1 0.697135 0.441204 0.017188 0.076852
1 0.899740 0.907407 0.031771 0.111111
