1 0.032031 0.594907 0.016146 0.113889
1 0.199740 0.502315 0.019271 0.117593
1 0.180990 0.524537 0.025521 0.106481
1 0.263281 0.489815 0.033854 0.098148
1 0.108854 0.552315 0.025000 0.119444
1 0.290885 0.467130 0.015104 0.093519
1 0.215885 0.528704 0.015104 0.109259
1 0.440625 0.464815 0.017708 0.085185
1 0.647917 0.385185 0.011458 0.079630
1 0.303385 0.444907 0.010937 0.091667
1 0.033073 0.611574 0.033854 0.125000
1 0.205990 0.521296 0.016146 0.100000
1 0.145313 0.539352 0.025000 0.110185
1 0.745313 0.493056 0.025000 0.099074
1 0.260417 0.550000 0.020833 0.116667
1 0.960156 0.610185 0.023438 0.120370
1 0.541667 0.538426 0.027083 0.104630
1 0.161979 0.501852 0.020833 0.109259
1 0.935677 0.384259 0.017188 0.085185
1 0.881510 0.500926 0.033854 0.103704
2 0.203906 0.601389 0.024479 0.119444
2 0.615625 0.296296 0.013542 0.059259
0 0.852083 0.412037 0.005208 0.007407
