1 0.491667 0.508333 0.039583 0.164815
1 0.547917 0.895370 0.047917 0.207407
2 0.542448 0.381481 0.035937 0.140741
1 0.706771 0.403241 0.035417 0.139815
1 0.613281 0.583333 0.058854 0.070370
1 0.350521 0.365741 0.023958 0.138889
1 0.916406 0.095370 0.019271 0.083333
1 0.764323 0.091204 0.019271 0.084259
0 0.569792 0.969907 0.015625 0.037963
1 0.603646 0.220833 0.030208 0.110185
1 0.519010 0.338426 0.023438 0.125000
1 0.500260 0.197222 0.021354 0.101852
1 0.373698 0.044444 0.014063 0.070370
1 0.310937 0.061574 0.014583 0.073148
1 0.216667 0.122685 0.017708 0.097222
1 0.166406 0.117130 0.023438 0.091667
1 0.042188 0.167130 0.026042 0.104630
1 0.242708 0.318981 0.033333 0.123148
