1 0.906771 0.562500 0.034375 0.117593
1 0.638021 0.489815 0.022917 0.094444
1 0.600521 0.467130 0.017708 0.084259
1 0.561979 0.724074 0.035417 0.142593
1 0.507552 0.819444 0.040104 0.155556
1 0.495052 0.663426 0.030729 0.139815
2 0.376563 0.474537 0.019792 0.086111
2 0.080208 0.364352 0.011458 0.065741
1 0.169792 0.620833 0.020833 0.117593
1 0.056250 0.535185 0.030208 0.100000
1 0.089323 0.498148 0.036979 0.072222
1 0.176823 0.429167 0.018229 0.076852
1 0.508333 0.411111 0.018750 0.070370
1 0.501823 0.474537 0.017188 0.086111
1 0.519531 0.554167 0.022396 0.104630
