1 0.245052 0.477315 0.019271 0.050926
2 0.673438 0.320370 0.010417 0.042593
1 0.120052 0.648611 0.023438 0.086111
1 0.355208 0.742593 0.019792 0.088889
1 0.549479 0.512500 0.015625 0.062037
1 0.604948 0.441667 0.016146 0.059259
1 0.732292 0.423148 0.015625 0.057407
1 0.668490 0.904167 0.023438 0.104630
0 0.235156 0.496759 0.005729 0.010185
1 0.449740 0.571759 0.018229 0.073148
1 0.685937 0.592593 0.016667 0.068519
1 0.310937 0.540741 0.019792 0.061111
2 0.727344 0.562963 0.015104 0.066667
1 0.904427 0.419907 0.017188 0.054630
1 0.937240 0.651389 0.023438 0.073148
1 0.901563 0.679167 0.025000 0.071296
1 0.895312 0.557870 0.018750 0.071296
