1 0.731771 0.443981 0.041667 0.121296
1 0.490104 0.381944 0.043750 0.106481
1 0.229167 0.369444 0.028125 0.100000
1 0.332292 0.511574 0.044792 0.128704
1 0.236198 0.733333 0.059896 0.181481
2 0.462240 0.464352 0.036979 0.110185
1 0.496094 0.679167 0.045312 0.160185
1 0.119792 0.505093 0.038542 0.132407
1 0.607031 0.345370 0.020313 0.092593
1 0.497656 0.412500 0.031771 0.110185
1 0.727344 0.380556 0.036979 0.085185
0 0.730729 0.328704 0.007292 0.011111
1 0.708333 0.362037 0.031250 0.088889
1 0.732031 0.396296 0.049479 0.100000
1 0.579427 0.896759 0.054688 0.204630
