1 0.173958 0.478241 0.030208 0.143519
1 0.258333 0.598611 0.034375 0.152778
1 0.278125 0.339815 0.022917 0.109259
1 0.422917 0.484722 0.034375 0.136111
1 0.442708 0.316667 0.019792 0.101852
1 0.867188 0.400000 0.033333 0.116667
1 0.916927 0.395833 0.039062 0.112037
2 0.763542 0.534259 0.032292 0.142593
1 0.760417 0.503241 0.031250 0.141667
2 0.346094 0.310185 0.025521 0.092593
1 0.408333 0.346296 0.029167 0.118519
1 0.745833 0.458333 0.040625 0.120370
1 0.236458 0.479630 0.030208 0.137037
1 0.591406 0.663889 0.034896 0.161111
0 0.443229 0.263889 0.007292 0.012963
