1 0.296354 0.564815 0.028125 0.129630
1 0.623177 0.493519 0.026562 0.140741
1 0.561719 0.506019 0.040104 0.134259
1 0.707031 0.501852 0.030729 0.138889
1 0.584115 0.468519 0.025521 0.131481
1 0.845052 0.503241 0.039062 0.136111
1 0.757552 0.527778 0.028646 0.150000
1 0.963542 0.450463 0.028125 0.132407
1 0.467448 0.582870 0.045312 0.128704
1 0.711719 0.532870 0.033854 0.136111
1 0.543750 0.446296 0.042708 0.114815
1 0.695312 0.443056 0.035417 0.112037
1 0.732812 0.511111 0.035417 0.155556
2 0.748177 0.704167 0.058854 0.163889
1 0.200260 0.465278 0.025521 0.134259
