1 0.128906 0.560185 0.034896 0.112963
1 0.396875 0.608333 0.021875 0.127778
1 0.176823 0.498148 0.035937 0.074074
1 0.176823 0.498611 0.021354 0.091667
2 0.210156 0.451389 0.032813 0.087963
1 0.217969 0.366204 0.019271 0.069444
0 0.351302 0.118981 0.008854 0.015741
1 0.675521 0.457870 0.017708 0.082407
1 0.493490 0.545833 0.019271 0.108333
1 0.324479 0.469444 0.035417 0.083333
1 0.582552 0.506481 0.023438 0.103704
1 0.446094 0.492593 0.028646 0.098148
1 0.533594 0.500463 0.023438 0.106481
1 0.542969 0.478241 0.021354 0.099074
1 0.485677 0.439352 0.032813 0.084259
1 0.661198 0.500000 0.024479 0.083333
1 0.631771 0.498611 0.017708 0.100926
1 0.673698 0.532870 0.023438 0.108333
1 0.805729 0.462500 0.028125 0.093519
1 0.757552 0.508796 0.031771 0.095370
