1 0.070312 0.209259 0.018750 0.070370
2 0.635938 0.054630 0.011458 0.048148
1 0.215885 0.485185 0.020313 0.092593
1 0.125000 0.640741 0.031250 0.098148
1 0.346094 0.377778 0.016146 0.079630
1 0.358333 0.402315 0.023958 0.082407
1 0.508594 0.290278 0.018229 0.076852
1 0.350260 0.741204 0.027604 0.104630
0 0.489063 0.584722 0.008333 0.015741
1 0.458333 0.638889 0.031250 0.109259
1 0.497135 0.564352 0.018229 0.095370
1 0.644271 0.373611 0.020833 0.065741
2 0.711719 0.431019 0.025521 0.078704
1 0.758333 0.267130 0.020833 0.069444
1 0.784635 0.662963 0.026562 0.101852
1 0.755990 0.855093 0.034896 0.117593
