2 0.338802 0.066667 0.013021 0.048148
1 0.103385 0.375926 0.017188 0.077778
1 0.019010 0.422685 0.028646 0.093519
1 0.233854 0.292130 0.018750 0.076852
1 0.064062 0.819444 0.031250 0.124074
0 0.718490 0.674074 0.008854 0.014815
1 0.196354 0.556944 0.021875 0.097222
1 0.294271 0.482407 0.022917 0.072222
1 0.107813 0.437963 0.030208 0.074074
2 0.477083 0.437037 0.022917 0.081481
1 0.475000 0.238426 0.016667 0.065741
1 0.619531 0.669907 0.033854 0.099074
1 0.450521 0.729167 0.026042 0.102778
1 0.679167 0.397222 0.019792 0.077778
1 0.738542 0.453241 0.023958 0.089815
1 0.793750 0.228241 0.018750 0.067593
1 0.787760 0.638426 0.038021 0.084259
1 0.816406 0.611111 0.043229 0.081481
1 0.962240 0.405556 0.024479 0.081481
