1 0.332292 0.510185 0.012500 0.057407
1 0.384896 0.450463 0.010417 0.049074
1 0.413802 0.434722 0.013021 0.047222
1 0.430990 0.441667 0.011979 0.048148
1 0.409635 0.429167 0.009896 0.045370
1 0.454427 0.453704 0.010937 0.048148
1 0.436719 0.443519 0.015104 0.050000
1 0.625000 0.406481 0.010417 0.038889
1 0.742448 0.430093 0.011979 0.043519
1 0.509375 0.422685 0.009375 0.045370
1 0.549740 0.515278 0.020313 0.060185
1 0.354687 0.472685 0.012500 0.052778
1 0.447656 0.437037 0.011979 0.048148
1 0.628646 0.489352 0.011458 0.054630
1 0.546094 0.437037 0.014063 0.050000
1 0.896875 0.562963 0.016667 0.068519
1 0.690625 0.506019 0.016667 0.062037
1 0.394792 0.444444 0.011458 0.053704
1 0.717708 0.417593 0.012500 0.044444
1 0.921094 0.478241 0.019271 0.058333
2 0.598698 0.482407 0.017188 0.055556
2 0.516927 0.341204 0.006771 0.030556
0 0.010677 0.540278 0.005729 0.008333
1 0.117708 0.467593 0.012500 0.051852
