2 0.346354 0.547685 0.046875 0.126852
1 0.025000 0.562500 0.041667 0.126852
1 0.209896 0.452315 0.034375 0.119444
1 0.484635 0.482870 0.036979 0.113889
1 0.455469 0.568981 0.031771 0.132407
1 0.039323 0.460185 0.039062 0.116667
1 0.309115 0.455556 0.025521 0.105556
1 0.017969 0.521296 0.032813 0.133333
1 0.186198 0.508333 0.039062 0.118519
1 0.222396 0.415278 0.036458 0.089815
0 0.567969 0.180093 0.011979 0.021296
1 0.625521 0.460648 0.032292 0.100926
1 0.649219 0.467593 0.041146 0.098148
1 0.726562 0.632870 0.037500 0.136111
1 0.501563 0.450463 0.026042 0.099074
2 0.260156 0.299074 0.021354 0.068519
1 0.927865 0.655093 0.051562 0.150926
1 0.845573 0.473148 0.030729 0.103704
1 0.602344 0.541204 0.044271 0.130556
1 0.919531 0.465741 0.035937 0.111111
