2 0.091146 0.550926 0.056250 0.116667
1 0.283073 0.466667 0.047396 0.111111
1 0.462500 0.522685 0.052083 0.113889
1 0.323698 0.657407 0.054688 0.150000
1 0.446875 0.504630 0.041667 0.111111
1 0.348438 0.462037 0.043750 0.111111
1 0.204167 0.509722 0.040625 0.117593
1 0.016927 0.489352 0.033854 0.108333
1 0.602083 0.470833 0.040625 0.112037
1 0.769531 0.492130 0.048438 0.104630
1 0.548698 0.670833 0.044271 0.149074
1 0.388802 0.477778 0.042188 0.109259
2 0.385937 0.313426 0.026042 0.069444
1 0.904948 0.714815 0.064062 0.157407
1 0.558073 0.668056 0.050521 0.150926
