2 0.535677 0.590741 0.048438 0.114815
1 0.293750 0.512037 0.033333 0.103704
1 0.325260 0.478241 0.040104 0.093519
1 0.486458 0.493519 0.029167 0.116667
1 0.548698 0.512963 0.033854 0.112963
1 0.489583 0.659259 0.036458 0.142593
1 0.204687 0.545370 0.041667 0.111111
1 0.765625 0.498611 0.037500 0.110185
1 0.514323 0.437037 0.032813 0.118519
1 0.473958 0.513426 0.052083 0.104630
1 0.346875 0.459722 0.043750 0.095370
1 0.264844 0.487963 0.034896 0.105556
0 0.382031 0.227315 0.008854 0.015741
1 0.728906 0.460185 0.030729 0.101852
1 0.898958 0.503704 0.033333 0.107407
1 0.702865 0.585648 0.029687 0.115741
1 0.751302 0.512037 0.033854 0.109259
2 0.718750 0.322685 0.025000 0.054630
1 0.994792 0.610648 0.009375 0.095370
1 0.674479 0.707407 0.038542 0.159259
