1 0.110156 0.539352 0.027604 0.112037
1 0.279167 0.622222 0.036458 0.133333
1 0.019792 0.493519 0.033333 0.096296
1 0.030469 0.509722 0.035937 0.091667
2 0.222917 0.444907 0.019792 0.095370
1 0.127083 0.390278 0.019792 0.071296
0 0.348698 0.405093 0.006771 0.010185
1 0.493229 0.469444 0.022917 0.094444
1 0.504948 0.559722 0.026562 0.119444
1 0.073177 0.465278 0.029687 0.089815
1 0.489323 0.519444 0.019271 0.109259
1 0.283073 0.506481 0.034896 0.100000
1 0.686458 0.506481 0.025000 0.111111
1 0.497135 0.487500 0.015104 0.108333
1 0.312760 0.428704 0.029687 0.079630
1 0.588802 0.422685 0.031771 0.080556
1 0.623177 0.473611 0.025521 0.100926
1 0.353385 0.556481 0.034896 0.109259
1 0.605729 0.454167 0.027083 0.036111
1 0.735938 0.501852 0.034375 0.096296
