1 0.061979 0.211111 0.018750 0.070370
2 0.625781 0.056481 0.011979 0.048148
1 0.201823 0.491667 0.023438 0.098148
1 0.128385 0.631481 0.027604 0.098148
1 0.341146 0.376852 0.018750 0.079630
1 0.352604 0.404167 0.023958 0.082407
1 0.499219 0.290278 0.018229 0.076852
1 0.337500 0.750000 0.027083 0.105556
0 0.476302 0.573148 0.006771 0.012963
1 0.454948 0.625000 0.028646 0.107407
1 0.484896 0.557407 0.021875 0.096296
1 0.627865 0.382870 0.020313 0.071296
2 0.699740 0.431944 0.022396 0.080556
1 0.746094 0.266667 0.021354 0.072222
1 0.755990 0.673611 0.030729 0.100926
1 0.729167 0.857407 0.032292 0.118519
