1 0.860938 0.682870 0.041667 0.119444
1 0.800781 0.503704 0.024479 0.075926
1 0.626302 0.495370 0.033854 0.053704
1 0.591146 0.493519 0.018750 0.068519
1 0.452344 0.457407 0.022396 0.066667
1 0.930990 0.485185 0.019271 0.074074
1 0.415885 0.522222 0.027604 0.081481
1 0.360417 0.410185 0.014583 0.059259
1 0.541406 0.458333 0.020313 0.068519
1 0.750781 0.445833 0.017188 0.065741
2 0.199479 0.377778 0.013542 0.057407
0 0.524219 0.489352 0.005729 0.010185
1 0.307552 0.410185 0.015104 0.059259
1 0.262760 0.524074 0.021354 0.081481
2 0.254167 0.563889 0.039583 0.090741
1 0.115365 0.459722 0.022396 0.076852
1 0.087500 0.456944 0.020833 0.078704
