1 0.561719 0.732407 0.041146 0.137037
0 0.694010 0.549074 0.006771 0.011111
1 0.471094 0.470370 0.027604 0.079630
1 0.358333 0.552315 0.026042 0.112037
1 0.049740 0.440278 0.024479 0.087963
1 0.101562 0.368519 0.019792 0.064815
1 0.116667 0.484259 0.032292 0.087037
1 0.232813 0.415741 0.026042 0.072222
1 0.062240 0.357407 0.023438 0.062963
1 0.396354 0.464352 0.029167 0.082407
1 0.252083 0.395833 0.018750 0.073148
1 0.277604 0.414815 0.022917 0.075926
1 0.691406 0.569907 0.027604 0.093519
1 0.579427 0.361111 0.018229 0.048148
1 0.708073 0.590741 0.026562 0.103704
