1 0.144010 0.286111 0.022396 0.088889
0 0.594010 0.427315 0.010937 0.019444
2 0.339844 0.500000 0.053646 0.138889
1 0.105469 0.454167 0.025521 0.132407
1 0.524479 0.593519 0.047917 0.120370
1 0.987760 0.647685 0.023438 0.182407
1 0.220573 0.465278 0.040104 0.128704
1 0.371615 0.387037 0.023438 0.109259
1 0.409375 0.344444 0.026042 0.103704
1 0.444531 0.334259 0.028646 0.096296
1 0.377604 0.337037 0.021875 0.057407
1 0.588542 0.510648 0.038542 0.141667
1 0.160417 0.649537 0.062500 0.162037
1 0.499479 0.598611 0.039583 0.115741
1 0.263542 0.392130 0.022917 0.121296
1 0.265625 0.467130 0.027083 0.130556
1 0.646615 0.446296 0.034896 0.114815
1 0.692187 0.325463 0.037500 0.093519
1 0.547917 0.292130 0.023958 0.093519
2 0.937240 0.183796 0.018229 0.067593
