1 0.633594 0.530093 0.051562 0.102778
1 0.652083 0.875926 0.044792 0.192593
2 0.466146 0.287037 0.022917 0.092593
1 0.801562 0.388889 0.035417 0.118519
1 0.547396 0.675463 0.058333 0.052778
1 0.366146 0.445833 0.040625 0.137963
1 0.964063 0.170370 0.023958 0.083333
1 0.916667 0.157407 0.021875 0.075926
0 0.600260 0.996296 0.013021 0.005556
1 0.647396 0.267593 0.035417 0.100000
1 0.380208 0.355093 0.028125 0.106481
1 0.507292 0.251852 0.018750 0.094444
1 0.401042 0.127315 0.017708 0.067593
1 0.376042 0.143056 0.013542 0.071296
2 0.400781 0.049537 0.009896 0.050926
1 0.255990 0.193981 0.024479 0.084259
1 0.166406 0.204167 0.022396 0.084259
1 0.041406 0.289352 0.022396 0.112037
1 0.182292 0.371759 0.027083 0.113889
