1 0.142187 0.575000 0.022917 0.105556
1 0.100000 0.644444 0.031250 0.124074
1 0.454688 0.612037 0.022917 0.111111
1 0.239063 0.515741 0.014583 0.094444
1 0.277083 0.512963 0.019792 0.088889
2 0.293750 0.491667 0.012500 0.088889
1 0.335156 0.381481 0.010937 0.048148
0 0.302604 0.410648 0.004167 0.008333
1 0.691146 0.566204 0.022917 0.091667
1 0.572135 0.509722 0.021354 0.093519
1 0.543229 0.490741 0.013542 0.081481
1 0.648698 0.514352 0.019271 0.089815
1 0.599479 0.500463 0.015625 0.086111
1 0.589323 0.511111 0.018229 0.096296
1 0.643490 0.490741 0.016146 0.090741
1 0.676042 0.481944 0.014583 0.080556
1 0.848698 0.547222 0.020313 0.094444
1 0.654687 0.520370 0.026042 0.088889
1 0.680208 0.521759 0.022917 0.086111
1 0.764323 0.519907 0.014063 0.091667
1 0.769271 0.489815 0.015625 0.087037
1 0.736198 0.551389 0.016146 0.091667
