2 0.786979 0.508796 0.019792 0.076852
1 0.706510 0.469444 0.015104 0.064815
1 0.731250 0.441204 0.011458 0.063889
1 0.713281 0.443981 0.011979 0.060185
1 0.863281 0.447685 0.010937 0.069444
1 0.876042 0.456019 0.018750 0.067593
1 0.713802 0.467593 0.014063 0.066667
1 0.691406 0.449074 0.015104 0.061111
1 0.714063 0.450463 0.013542 0.060185
1 0.739583 0.445833 0.014583 0.058333
1 0.713021 0.454630 0.014583 0.057407
1 0.849479 0.449537 0.017708 0.065741
1 0.869792 0.455556 0.015625 0.064815
1 0.746354 0.440278 0.017708 0.062037
1 0.100000 0.520370 0.025000 0.083333
0 0.149479 0.567593 0.007292 0.011111
1 0.986979 0.453241 0.025000 0.065741
