1 0.803125 0.701852 0.031250 0.142593
1 0.729688 0.461111 0.031250 0.072222
1 0.585156 0.535648 0.020313 0.095370
1 0.479427 0.533333 0.021354 0.088889
1 0.262760 0.457870 0.015104 0.075000
1 0.828385 0.457870 0.034896 0.076852
1 0.135937 0.517130 0.031250 0.080556
1 0.325521 0.389352 0.013542 0.060185
1 0.595313 0.423148 0.021875 0.055556
1 0.661198 0.427315 0.019271 0.060185
2 0.092448 0.368519 0.014063 0.057407
0 0.652344 0.455093 0.005729 0.010185
1 0.259375 0.394907 0.012500 0.058333
1 0.032552 0.517130 0.029687 0.087963
