1 0.303906 0.725463 0.022396 0.095370
1 0.271094 0.427778 0.017188 0.068519
1 0.206250 0.296759 0.010417 0.058333
2 0.240365 0.110185 0.010937 0.044444
1 0.375000 0.162500 0.011458 0.045370
2 0.404427 0.232407 0.008854 0.048148
1 0.384115 0.221759 0.014063 0.049074
1 0.446354 0.945833 0.026042 0.106481
1 0.412240 0.383333 0.011979 0.066667
0 0.258594 0.337037 0.005729 0.009259
1 0.458854 0.243519 0.010417 0.050000
1 0.526823 0.219444 0.010937 0.051852
1 0.604688 0.154167 0.010417 0.045370
1 0.512240 0.122685 0.008854 0.041667
1 0.620052 0.259722 0.015104 0.054630
1 0.608854 0.334722 0.015625 0.062037
1 0.593490 0.405556 0.016146 0.070370
1 0.628385 0.197685 0.013021 0.056481
1 0.693750 0.285648 0.010417 0.060185
1 0.679688 0.277778 0.012500 0.059259
1 0.656510 0.197222 0.013021 0.053704
1 0.760417 0.371296 0.012500 0.070370
1 0.942708 0.732407 0.028125 0.096296
1 0.416927 0.898611 0.030729 0.121296
