1 0.351302 0.504167 0.015104 0.063889
1 0.429948 0.437963 0.015104 0.059259
1 0.451042 0.425926 0.011458 0.057407
1 0.481250 0.428241 0.010417 0.060185
1 0.451042 0.417130 0.011458 0.056481
1 0.511719 0.443056 0.016146 0.058333
1 0.488281 0.436111 0.016146 0.059259
1 0.716667 0.395370 0.016667 0.051852
1 0.854167 0.415278 0.019792 0.067593
1 0.577604 0.409259 0.013542 0.057407
1 0.582552 0.513426 0.019271 0.069444
1 0.398698 0.463426 0.014063 0.062037
1 0.486719 0.425926 0.013021 0.053704
1 0.733333 0.492130 0.017708 0.069444
1 0.594010 0.424074 0.023438 0.059259
1 0.790625 0.516667 0.023958 0.075926
1 0.442188 0.433796 0.012500 0.063889
1 0.847917 0.405556 0.018750 0.053704
2 0.655729 0.489352 0.026042 0.067593
2 0.584896 0.316667 0.009375 0.027778
1 0.124219 0.451389 0.014063 0.060185
