1 0.539583 0.626852 0.051042 0.122222
1 0.760938 0.643056 0.039583 0.134259
1 0.996354 0.365741 0.006250 0.022222
2 0.396094 0.396759 0.026562 0.095370
1 0.778646 0.483333 0.027083 0.118519
1 0.508073 0.621759 0.042188 0.150926
1 0.536458 0.554630 0.031250 0.133333
1 0.830208 0.275463 0.017708 0.080556
1 0.836719 0.263889 0.021354 0.075926
0 0.489844 0.689815 0.009896 0.020370
1 0.615365 0.378704 0.023438 0.101852
1 0.338802 0.490278 0.034896 0.108333
1 0.439844 0.363889 0.025521 0.090741
1 0.305469 0.256944 0.020313 0.071296
1 0.254948 0.270370 0.017188 0.074074
2 0.263281 0.174537 0.018229 0.054630
1 0.202865 0.331944 0.031771 0.091667
1 0.052083 0.339352 0.025000 0.087963
1 0.108594 0.522685 0.033854 0.121296
1 0.019531 0.555556 0.039062 0.118519
