2 0.418229 0.583333 0.043750 0.133333
1 0.332292 0.524074 0.029167 0.118519
1 0.197396 0.489352 0.035417 0.106481
1 0.545833 0.497222 0.038542 0.105556
1 0.708333 0.542593 0.029167 0.125926
1 0.622656 0.680093 0.038021 0.154630
1 0.226562 0.518519 0.030208 0.112963
1 0.816406 0.511574 0.042188 0.121296
1 0.633854 0.465741 0.031250 0.090741
1 0.504948 0.510185 0.033854 0.122222
1 0.276302 0.468519 0.034896 0.111111
1 0.308073 0.484259 0.032813 0.103704
1 0.017708 0.426389 0.035417 0.104630
0 0.535156 0.439815 0.011979 0.014815
1 0.935677 0.483796 0.027604 0.112037
1 0.890885 0.654630 0.046354 0.148148
1 0.782031 0.519907 0.042188 0.110185
2 0.772656 0.318519 0.023438 0.066667
1 0.836458 0.727778 0.040625 0.177778
