1 0.061198 0.938426 0.027604 0.119444
1 0.044792 0.637963 0.023958 0.090741
1 0.133333 0.364352 0.021875 0.065741
2 0.335677 0.359722 0.015104 0.060185
1 0.142969 0.388426 0.024479 0.062037
1 0.169792 0.606944 0.023958 0.093519
0 0.443750 0.214352 0.008333 0.015741
1 0.320573 0.410648 0.019271 0.067593
1 0.339062 0.408333 0.019792 0.062963
1 0.529948 0.308796 0.017188 0.043519
1 0.521354 0.311111 0.017708 0.050000
1 0.547656 0.396296 0.018229 0.062963
1 0.483333 0.501852 0.019792 0.072222
1 0.466406 0.561574 0.019271 0.091667
1 0.500000 0.315278 0.018750 0.052778
1 0.607812 0.392593 0.015625 0.068519
1 0.639062 0.398148 0.019792 0.064815
1 0.481250 0.314815 0.015625 0.066667
1 0.671094 0.462037 0.029687 0.077778
1 0.808073 0.800000 0.035937 0.111111
1 0.715885 0.574537 0.022396 0.087963
1 0.908594 0.375463 0.016146 0.069444
