1 0.351823 0.458796 0.027604 0.117593
1 0.397917 0.554630 0.028125 0.120370
1 0.250781 0.857407 0.043229 0.125926
1 0.595833 0.539815 0.034375 0.112963
1 0.616667 0.381944 0.021875 0.115741
1 0.627344 0.471296 0.026562 0.127778
1 0.463542 0.650926 0.027083 0.125926
0 0.336979 0.512963 0.010417 0.014815
1 0.453906 0.500000 0.027604 0.122222
1 0.827865 0.642130 0.026562 0.132407
1 0.398177 0.520370 0.027604 0.103704
2 0.748958 0.769444 0.041667 0.148148
1 0.723958 0.447685 0.030208 0.113889
1 0.686198 0.534722 0.026562 0.104630
1 0.977083 0.555556 0.031250 0.118519
1 0.838542 0.356019 0.031250 0.097222
1 0.989844 0.528704 0.019271 0.127778
