1 0.859635 0.437963 0.025521 0.100000
1 0.746615 0.362963 0.011979 0.074074
1 0.578125 0.422685 0.020833 0.093519
1 0.616927 0.388889 0.016146 0.083333
1 0.456250 0.269444 0.011458 0.053704
1 0.758854 0.364352 0.020833 0.080556
1 0.407813 0.513426 0.023958 0.104630
1 0.356771 0.327778 0.018750 0.068519
1 0.325260 0.384259 0.020313 0.079630
1 0.689323 0.319907 0.014063 0.065741
0 0.188542 0.469444 0.007292 0.011111
1 0.055990 0.293056 0.015104 0.060185
1 0.214583 0.478241 0.028125 0.054630
2 0.464062 0.364352 0.022917 0.078704
1 0.254427 0.449074 0.036979 0.094444
1 0.332031 0.504630 0.034896 0.096296
1 0.495052 0.625926 0.039062 0.118519
1 0.327865 0.675926 0.035937 0.131481
