1 0.256771 0.663426 0.045833 0.147222
1 0.249740 0.555093 0.029687 0.104630
1 0.228125 0.427315 0.031250 0.063889
1 0.388021 0.464352 0.028125 0.080556
1 0.985938 0.617130 0.027083 0.137963
1 0.758333 0.548148 0.034375 0.072222
1 0.709635 0.475463 0.029687 0.084259
1 0.464323 0.493519 0.028646 0.075926
1 0.730469 0.550463 0.028646 0.100926
1 0.708073 0.386111 0.026562 0.062963
2 0.448698 0.434259 0.031771 0.074074
1 0.441406 0.509722 0.033854 0.087963
2 0.095833 0.315741 0.019792 0.055556
1 0.473958 0.396296 0.029167 0.070370
1 0.521094 0.439815 0.027604 0.077778
0 0.467187 0.518519 0.008333 0.014815
1 0.408333 0.568056 0.039583 0.100926
1 0.548698 0.697685 0.042188 0.113889
1 0.855990 0.460185 0.030729 0.088889
1 0.997656 0.537500 0.003646 0.089815
