2 0.815104 0.503241 0.020833 0.078704
1 0.708854 0.477778 0.015625 0.068519
1 0.735938 0.447222 0.012500 0.064815
1 0.740104 0.444444 0.008333 0.066667
1 0.866146 0.444907 0.013542 0.069444
1 0.884115 0.460648 0.015104 0.071296
1 0.718750 0.475463 0.014583 0.067593
1 0.692969 0.446759 0.010937 0.062037
1 0.726042 0.446759 0.014583 0.062037
1 0.741927 0.448148 0.009896 0.061111
1 0.748958 0.443056 0.013542 0.062037
1 0.848698 0.444907 0.016146 0.065741
1 0.860156 0.455093 0.016146 0.063889
1 0.946354 0.550926 0.026042 0.081481
1 0.750000 0.437500 0.012500 0.062037
1 0.095573 0.517130 0.018229 0.082407
0 0.150000 0.563889 0.007292 0.011111
1 0.995833 0.459722 0.007292 0.058333
