0 0.366667 0.600926 0.012500 0.020370
2 0.457813 0.373148 0.025000 0.101852
1 0.041146 0.391204 0.026042 0.113889
1 0.578385 0.481944 0.043229 0.099074
1 0.823438 0.600000 0.061458 0.153704
1 0.318229 0.439352 0.033333 0.112037
1 0.360677 0.326389 0.028646 0.097222
1 0.356771 0.256481 0.022917 0.074074
1 0.383333 0.249074 0.025000 0.079630
1 0.316146 0.273148 0.016667 0.087037
1 0.625260 0.386111 0.029687 0.103704
1 0.341927 0.642593 0.034896 0.168519
1 0.535937 0.537963 0.044792 0.118519
1 0.217188 0.306481 0.022917 0.100000
1 0.271094 0.394444 0.026562 0.112963
1 0.662500 0.387963 0.034375 0.109259
1 0.714323 0.233796 0.029687 0.073148
1 0.384896 0.212037 0.016667 0.072222
2 0.703646 0.122685 0.015625 0.050926
