1 0.815104 0.703241 0.034375 0.149074
1 0.717969 0.465278 0.017188 0.082407
1 0.558594 0.558333 0.024479 0.103704
1 0.450260 0.529630 0.023438 0.100000
1 0.238802 0.463426 0.020313 0.082407
1 0.778385 0.459722 0.028646 0.084259
1 0.134635 0.502315 0.022396 0.086111
1 0.315885 0.388889 0.013021 0.059259
1 0.560677 0.414815 0.013021 0.057407
1 0.643750 0.413426 0.018750 0.063889
2 0.084115 0.370370 0.016146 0.057407
0 0.634635 0.443981 0.005729 0.010185
1 0.249219 0.399074 0.015104 0.053704
1 0.013802 0.517593 0.026562 0.096296
