1 0.001823 0.629167 0.003646 0.069444
1 0.295312 0.632407 0.041667 0.129630
1 0.038021 0.539815 0.034375 0.105556
2 0.096354 0.486574 0.023958 0.104630
1 0.125000 0.361574 0.021875 0.063889
0 0.339323 0.137500 0.009896 0.015741
1 0.655469 0.481944 0.028646 0.089815
1 0.364844 0.540278 0.024479 0.115741
1 0.347656 0.478704 0.027604 0.074074
1 0.522135 0.500926 0.029687 0.101852
1 0.426823 0.492130 0.028646 0.086111
1 0.403646 0.505556 0.032292 0.112963
1 0.495833 0.480093 0.031250 0.093519
1 0.498437 0.460185 0.029167 0.083333
1 0.892708 0.584722 0.025000 0.123148
1 0.572656 0.500000 0.028646 0.111111
1 0.595313 0.508796 0.035417 0.102778
1 0.726562 0.526389 0.037500 0.087963
1 0.627865 0.484722 0.022396 0.097222
1 0.636458 0.520370 0.027083 0.101852
