1 0.263281 0.801852 0.029687 0.107407
1 0.233073 0.525926 0.023438 0.075926
1 0.095052 0.398611 0.019271 0.076852
2 0.136458 0.183333 0.015625 0.048148
1 0.292969 0.238889 0.016146 0.051852
2 0.445052 0.297685 0.013021 0.058333
1 0.315104 0.293981 0.014583 0.058333
1 0.363802 0.483333 0.020313 0.083333
0 0.162760 0.432407 0.005729 0.009259
1 0.435937 0.321296 0.011458 0.057407
1 0.467187 0.306019 0.013542 0.056481
1 0.546615 0.227315 0.013021 0.049074
1 0.483073 0.203704 0.011979 0.048148
1 0.571875 0.340278 0.017708 0.060185
1 0.595833 0.439815 0.016667 0.070370
1 0.591927 0.549537 0.019271 0.087963
1 0.593490 0.269907 0.016146 0.056481
1 0.658854 0.355093 0.016667 0.065741
1 0.645052 0.356019 0.013021 0.063889
1 0.583073 0.250000 0.014063 0.051852
1 0.719531 0.435185 0.018229 0.075926
1 0.933854 0.838889 0.035417 0.111111
1 0.690104 0.611111 0.021875 0.092593
