1 0.446094 0.497685 0.023438 0.097222
1 0.929688 0.502778 0.029167 0.098148
1 0.508333 0.469907 0.033333 0.095370
1 0.488802 0.487037 0.020313 0.101852
1 0.370833 0.410648 0.020833 0.080556
1 0.321354 0.404630 0.021875 0.081481
1 0.393229 0.457870 0.022917 0.089815
1 0.253646 0.420370 0.021875 0.083333
1 0.342448 0.384259 0.018229 0.074074
1 0.747656 0.425926 0.024479 0.085185
2 0.326823 0.281944 0.013021 0.052778
0 0.624219 0.527315 0.007812 0.012037
1 0.201563 0.386111 0.016667 0.074074
1 0.152344 0.453704 0.019271 0.090741
2 0.343229 0.495370 0.023958 0.105556
1 0.188802 0.443519 0.021354 0.090741
1 0.106510 0.407870 0.018229 0.087963
1 0.061458 0.568981 0.029167 0.123148
1 0.456771 0.581481 0.022917 0.111111
1 0.200781 0.724074 0.041146 0.150000
1 0.993229 0.532407 0.012500 0.059259
