1 0.104427 0.564815 0.030729 0.077778
1 0.157812 0.503704 0.016667 0.122222
1 0.194531 0.496759 0.016146 0.099074
1 0.248438 0.469907 0.018750 0.097222
1 0.216927 0.490741 0.017188 0.098148
1 0.355990 0.496296 0.019271 0.094444
1 0.380990 0.432407 0.025521 0.090741
1 0.589323 0.379630 0.029687 0.066667
1 0.677865 0.401389 0.016146 0.084259
1 0.602344 0.425463 0.020313 0.086111
1 0.128906 0.557407 0.031771 0.109259
1 0.207031 0.499537 0.011979 0.087963
1 0.201302 0.508333 0.025521 0.101852
1 0.792969 0.474537 0.020313 0.099074
1 0.537240 0.474074 0.030729 0.098148
1 0.956510 0.591204 0.019271 0.113889
1 0.807031 0.462500 0.016146 0.093519
1 0.400260 0.459722 0.020313 0.099074
1 0.804167 0.385648 0.025000 0.041667
1 0.948177 0.414815 0.019271 0.088889
2 0.652865 0.493056 0.026562 0.095370
2 0.584635 0.289815 0.011979 0.057407
0 0.791667 0.400926 0.004167 0.007407
