1 0.825781 0.707870 0.047396 0.152778
1 0.699479 0.465741 0.015625 0.081481
1 0.541667 0.560185 0.021875 0.105556
1 0.436198 0.529167 0.021354 0.099074
1 0.224740 0.466204 0.017188 0.078704
1 0.754167 0.460185 0.017708 0.083333
1 0.129948 0.499537 0.023438 0.087963
1 0.300000 0.388426 0.013542 0.058333
1 0.536719 0.413889 0.015104 0.053704
1 0.632031 0.411574 0.015104 0.060185
2 0.072917 0.371296 0.015625 0.057407
0 0.620052 0.442130 0.005729 0.010185
1 0.227344 0.398611 0.017188 0.056481
1 0.007292 0.520370 0.014583 0.092593
