1 0.167187 0.506481 0.033333 0.105556
1 0.188021 0.573148 0.032292 0.112963
1 0.347656 0.393519 0.027604 0.077778
1 0.505990 0.496759 0.036979 0.099074
1 0.347917 0.343519 0.027083 0.061111
1 0.992188 0.375926 0.014583 0.077778
1 0.993750 0.462963 0.011458 0.094444
2 0.741406 0.491204 0.031771 0.097222
1 0.774479 0.464352 0.027083 0.093519
2 0.348177 0.336574 0.023438 0.058333
1 0.468229 0.357870 0.022917 0.075000
1 0.791406 0.393519 0.026562 0.079630
0 0.276042 0.361574 0.007292 0.012037
1 0.231250 0.529630 0.030208 0.107407
1 0.440104 0.742130 0.027083 0.145370
