1 0.617708 0.512037 0.034375 0.118519
1 0.990625 0.469444 0.017708 0.094444
1 0.655990 0.481481 0.023438 0.107407
1 0.685417 0.494444 0.023958 0.107407
1 0.520052 0.355556 0.016146 0.068519
1 0.534115 0.403704 0.025521 0.087037
1 0.492448 0.463889 0.023438 0.094444
1 0.283594 0.413426 0.018229 0.084259
1 0.368750 0.380093 0.020833 0.078704
1 0.795573 0.391204 0.023438 0.076852
2 0.295052 0.264815 0.011979 0.051852
0 0.461198 0.437037 0.005729 0.009259
1 0.236458 0.355556 0.020833 0.070370
1 0.297917 0.437500 0.018750 0.086111
2 0.435417 0.462037 0.028125 0.114815
1 0.260937 0.437037 0.026042 0.092593
1 0.105729 0.394907 0.019792 0.086111
1 0.243229 0.539352 0.029167 0.117593
1 0.471615 0.600926 0.029687 0.118519
1 0.030208 0.716667 0.040625 0.150000
