1 0.245312 0.296759 0.026042 0.080556
2 0.263542 0.274537 0.021875 0.073148
1 0.252865 0.837037 0.091146 0.166667
1 0.010937 0.231481 0.015625 0.053704
1 0.005469 0.316204 0.010937 0.091667
0 0.774479 0.632407 0.010417 0.014815
1 0.571615 0.432407 0.040104 0.096296
1 0.437240 0.483796 0.038021 0.113889
1 0.369271 0.310185 0.030208 0.081481
1 0.446354 0.235648 0.017708 0.058333
1 0.382812 0.368981 0.027083 0.087963
1 0.498177 0.317130 0.029687 0.076852
1 0.440365 0.214815 0.017188 0.050000
1 0.540365 0.383333 0.031771 0.090741
1 0.577865 0.279167 0.018229 0.071296
1 0.563021 0.321759 0.021875 0.078704
1 0.807813 0.485185 0.050000 0.088889
