1 0.234896 0.539815 0.034375 0.101852
1 0.367969 0.635648 0.046354 0.121296
1 0.063281 0.480556 0.029687 0.094444
1 0.020833 0.516204 0.041667 0.095370
2 0.374479 0.458796 0.029167 0.091667
1 0.322135 0.422685 0.029687 0.069444
0 0.400521 0.449537 0.006250 0.010185
1 0.598958 0.491204 0.029167 0.093519
1 0.639323 0.579167 0.033854 0.113889
1 0.165365 0.458796 0.026562 0.082407
1 0.626042 0.533333 0.022917 0.107407
1 0.359635 0.519444 0.035937 0.096296
1 0.827604 0.513426 0.028125 0.099074
1 0.638802 0.494444 0.031771 0.094444
1 0.416927 0.428704 0.027604 0.074074
1 0.636458 0.426389 0.033333 0.082407
1 0.776042 0.484722 0.029167 0.100926
1 0.325781 0.577778 0.042188 0.114815
1 0.803385 0.444444 0.026562 0.074074
1 0.903646 0.531019 0.031250 0.115741
