1 0.091146 0.585648 0.021875 0.104630
1 0.169010 0.635185 0.022396 0.120370
1 0.346615 0.619444 0.027604 0.107407
1 0.219531 0.541667 0.019271 0.098148
1 0.286719 0.521759 0.015104 0.089815
2 0.292187 0.497222 0.014583 0.087037
1 0.343750 0.385185 0.010417 0.055556
0 0.307812 0.415278 0.004167 0.008333
1 0.641146 0.581944 0.020833 0.106481
1 0.545573 0.537500 0.019271 0.099074
1 0.544010 0.501852 0.017188 0.081481
1 0.645312 0.513889 0.017708 0.088889
1 0.611458 0.509259 0.020833 0.085185
1 0.582292 0.543056 0.020833 0.102778
1 0.650260 0.497685 0.016146 0.089815
1 0.677344 0.487500 0.013021 0.080556
1 0.770573 0.532870 0.018229 0.089815
1 0.812500 0.560648 0.027083 0.093519
1 0.784635 0.556481 0.021354 0.098148
1 0.727083 0.512037 0.015625 0.088889
1 0.774219 0.487037 0.014063 0.074074
1 0.834635 0.549537 0.024479 0.095370
