1 0.177865 0.563426 0.027604 0.095370
1 0.390104 0.493519 0.028125 0.107407
1 0.340365 0.512037 0.026562 0.090741
1 0.457292 0.493519 0.035417 0.101852
1 0.285677 0.515741 0.020313 0.103704
1 0.531771 0.483796 0.025000 0.100926
1 0.501042 0.507870 0.028125 0.106481
1 0.781771 0.518981 0.019792 0.102778
1 0.628646 0.463426 0.018750 0.102778
1 0.162760 0.561111 0.032813 0.111111
1 0.558854 0.517130 0.023958 0.100926
1 0.288802 0.507870 0.024479 0.108333
1 0.402865 0.489352 0.025521 0.102778
1 0.743750 0.631944 0.029167 0.128704
1 0.484635 0.484259 0.029687 0.103704
2 0.412240 0.657407 0.032813 0.135185
2 0.897656 0.306019 0.018229 0.065741
0 0.305208 0.471296 0.012500 0.014815
1 0.176563 0.459259 0.032292 0.074074
