1 0.299740 0.716204 0.021354 0.091667
1 0.272135 0.428704 0.017188 0.075926
1 0.208854 0.298148 0.012500 0.066667
2 0.242969 0.113889 0.013021 0.048148
1 0.377344 0.163426 0.013021 0.049074
2 0.388281 0.236574 0.014063 0.060185
1 0.381250 0.223148 0.014583 0.053704
1 0.442708 0.926389 0.027083 0.108333
1 0.419531 0.384259 0.016146 0.070370
0 0.259115 0.337963 0.005729 0.009259
1 0.463281 0.243056 0.014063 0.052778
1 0.527865 0.220833 0.013021 0.050926
1 0.604167 0.155093 0.010417 0.043519
1 0.505729 0.124074 0.010417 0.040741
1 0.619792 0.262963 0.015625 0.053704
1 0.604688 0.335185 0.016667 0.062963
1 0.590885 0.394444 0.016146 0.070370
1 0.628906 0.200000 0.013021 0.055556
1 0.694531 0.287500 0.015104 0.060185
1 0.680208 0.279630 0.011458 0.057407
1 0.655469 0.199074 0.014063 0.055556
1 0.759375 0.370833 0.013542 0.075000
1 0.945833 0.731019 0.029167 0.097222
1 0.422917 0.939815 0.029167 0.114815
