1 0.247656 0.479630 0.020313 0.042593
2 0.685937 0.324537 0.010417 0.043519
1 0.135937 0.653241 0.028125 0.086111
1 0.370312 0.745833 0.019792 0.086111
1 0.558594 0.512500 0.014063 0.063889
1 0.617188 0.444444 0.010417 0.059259
1 0.746875 0.424074 0.016667 0.057407
1 0.703125 0.925000 0.022917 0.103704
0 0.244531 0.495833 0.004687 0.010185
1 0.461458 0.578704 0.015625 0.072222
1 0.700260 0.600926 0.016146 0.070370
1 0.346875 0.540741 0.018750 0.061111
2 0.747396 0.565741 0.012500 0.066667
1 0.934896 0.422685 0.018750 0.054630
1 0.960156 0.658333 0.021354 0.074074
1 0.927083 0.688426 0.019792 0.073148
1 0.913802 0.562500 0.019271 0.071296
