1 0.730208 0.291204 0.014583 0.065741
0 0.067708 0.493056 0.009375 0.015741
2 0.697656 0.456481 0.022396 0.109259
1 0.421354 0.398148 0.018750 0.092593
1 0.716406 0.675000 0.028646 0.137037
1 0.738021 0.369907 0.015625 0.075000
1 0.728125 0.353704 0.015625 0.083333
1 0.871615 0.324074 0.018229 0.077778
1 0.057813 0.502315 0.019792 0.112037
1 0.885677 0.325463 0.024479 0.071296
1 0.769792 0.338426 0.016667 0.076852
1 0.745573 0.431481 0.021354 0.096296
1 0.595573 0.474537 0.018229 0.110185
1 0.697135 0.720833 0.030729 0.160185
1 0.675781 0.347685 0.019271 0.082407
1 0.607812 0.400463 0.036458 0.086111
