1 0.331250 0.444444 0.033333 0.105556
1 0.350521 0.554630 0.028125 0.120370
1 0.204948 0.823611 0.032813 0.137963
1 0.534635 0.523148 0.023438 0.112963
1 0.610938 0.383333 0.032292 0.103704
1 0.576823 0.461574 0.028646 0.121296
1 0.401823 0.644444 0.032813 0.122222
0 0.161198 0.451852 0.008854 0.014815
1 0.443490 0.504167 0.026562 0.117593
1 0.788542 0.640741 0.029167 0.127778
1 0.460417 0.513889 0.029167 0.100000
2 0.706771 0.743981 0.033333 0.137963
1 0.688021 0.442593 0.026042 0.105556
1 0.630469 0.533333 0.025521 0.112963
1 0.923698 0.553241 0.033854 0.113889
1 0.838802 0.349537 0.023438 0.095370
1 0.941406 0.517130 0.022396 0.121296
