1 0.488542 0.578241 0.050000 0.115741
1 0.871615 0.587500 0.035937 0.123148
1 0.986198 0.352778 0.025521 0.092593
2 0.396094 0.423148 0.021354 0.101852
1 0.792708 0.443981 0.022917 0.108333
1 0.501563 0.547222 0.030208 0.116667
1 0.588281 0.542593 0.036979 0.105556
1 0.834896 0.300463 0.018750 0.084259
1 0.813542 0.302315 0.018750 0.082407
0 0.510938 0.471759 0.009375 0.017593
1 0.644792 0.363889 0.018750 0.096296
1 0.355729 0.425463 0.021875 0.097222
1 0.520312 0.372685 0.021875 0.095370
1 0.371094 0.282870 0.016146 0.078704
1 0.232813 0.295833 0.014583 0.078704
2 0.279167 0.210185 0.013542 0.059259
1 0.313542 0.347685 0.023958 0.099074
1 0.128385 0.349537 0.022396 0.093519
1 0.063802 0.455093 0.027604 0.117593
1 0.137500 0.505556 0.023958 0.124074
1 0.099219 0.536574 0.034896 0.125000
