1 0.731250 0.292593 0.027083 0.075926
0 0.084375 0.489815 0.009375 0.014815
2 0.716406 0.466667 0.019271 0.112963
1 0.379948 0.420833 0.019271 0.095370
1 0.663802 0.592130 0.027604 0.119444
1 0.815104 0.738889 0.070833 0.175926
1 0.827344 0.463426 0.024479 0.115741
1 0.762760 0.377315 0.017188 0.089815
1 0.883594 0.321759 0.018229 0.084259
1 0.074479 0.488426 0.019792 0.080556
1 0.897396 0.331944 0.015625 0.075000
1 0.798958 0.355093 0.014583 0.063889
1 0.796354 0.473611 0.033333 0.104630
1 0.577344 0.467593 0.028646 0.107407
1 0.701042 0.733333 0.033333 0.162963
1 0.697135 0.358333 0.016146 0.087037
1 0.648958 0.424074 0.020833 0.098148
