1 0.429167 0.520370 0.029167 0.100000
1 0.505208 0.637037 0.047917 0.114815
1 0.233333 0.459722 0.033333 0.086111
1 0.120573 0.513426 0.044271 0.091667
2 0.595313 0.470833 0.029167 0.091667
1 0.564583 0.433333 0.035417 0.066667
0 0.571615 0.440741 0.005729 0.009259
1 0.795573 0.504630 0.038021 0.096296
1 0.859375 0.595370 0.039583 0.124074
1 0.419531 0.446296 0.026562 0.070370
1 0.867969 0.553241 0.033854 0.106481
1 0.522656 0.532407 0.034896 0.101852
1 0.854688 0.502778 0.023958 0.092593
1 0.614062 0.413889 0.027083 0.066667
1 0.813542 0.441204 0.028125 0.091667
1 0.385156 0.592593 0.041146 0.118519
