2 0.126562 0.346296 0.016667 0.061111
1 0.164062 0.477778 0.019792 0.088889
1 0.456510 0.495833 0.025521 0.087963
2 0.371615 0.453241 0.026562 0.073148
1 0.331510 0.381019 0.017188 0.062037
1 0.368229 0.476389 0.018750 0.091667
0 0.558073 0.617130 0.008854 0.012037
1 0.577083 0.650463 0.029167 0.125000
1 0.674479 0.581944 0.040625 0.097222
1 0.609375 0.481944 0.022917 0.091667
1 0.660937 0.420370 0.031250 0.077778
1 0.523438 0.536111 0.034375 0.085185
1 0.709115 0.493981 0.025521 0.086111
1 0.810156 0.390741 0.017188 0.074074
1 0.593229 0.555093 0.029167 0.082407
1 0.721354 0.577778 0.033333 0.085185
1 0.925000 0.467593 0.033333 0.092593
1 0.905729 0.522685 0.032292 0.087963
