1 0.301563 0.570833 0.032292 0.137963
1 0.631250 0.493981 0.022917 0.143519
1 0.578646 0.506944 0.038542 0.137963
1 0.727865 0.500926 0.020313 0.142593
1 0.602865 0.468981 0.039062 0.134259
1 0.855729 0.505093 0.045833 0.141667
1 0.770833 0.528241 0.031250 0.152778
1 0.985156 0.450000 0.028646 0.131481
1 0.502344 0.593519 0.038021 0.135185
1 0.711979 0.535648 0.027083 0.141667
1 0.570833 0.443519 0.036458 0.120370
1 0.726823 0.434259 0.038021 0.107407
1 0.742448 0.511574 0.036979 0.158333
2 0.784115 0.709722 0.078646 0.162037
1 0.183854 0.466667 0.031250 0.137037
