1 0.310677 0.738426 0.029687 0.097222
1 0.251823 0.518519 0.019271 0.075926
1 0.115625 0.393981 0.014583 0.076852
2 0.170052 0.181481 0.013021 0.048148
1 0.280469 0.221759 0.014063 0.050926
2 0.278906 0.325000 0.017188 0.057407
1 0.309635 0.343056 0.015104 0.062037
0 0.407031 0.738889 0.026562 0.096296
0 0.468490 0.704167 0.026562 0.086111
1 0.429948 0.713889 0.021354 0.096296
1 0.427344 0.508333 0.015104 0.081481
0 0.179948 0.438889 0.005729 0.009259
1 0.460677 0.333333 0.017188 0.064815
1 0.486719 0.302315 0.014063 0.056481
1 0.553906 0.231019 0.010937 0.049074
1 0.444010 0.188889 0.010937 0.048148
1 0.575000 0.345833 0.012500 0.060185
1 0.571875 0.430556 0.013542 0.066667
1 0.523177 0.438426 0.014063 0.075000
1 0.600781 0.278241 0.016146 0.060185
1 0.649479 0.354167 0.014583 0.065741
1 0.643229 0.345833 0.013542 0.062037
1 0.611458 0.270833 0.012500 0.060185
1 0.727083 0.462500 0.018750 0.078704
1 0.911458 0.908333 0.029167 0.111111
