1 0.275260 0.800000 0.029687 0.107407
1 0.227865 0.517593 0.022396 0.075926
1 0.109635 0.384722 0.019271 0.076852
2 0.154167 0.172222 0.014583 0.048148
1 0.308594 0.228704 0.016146 0.051852
2 0.444792 0.290741 0.010417 0.055556
1 0.325260 0.287500 0.016146 0.058333
1 0.366406 0.472222 0.020313 0.079630
0 0.181771 0.418981 0.005208 0.008333
1 0.436719 0.312963 0.011979 0.057407
1 0.473177 0.293981 0.010937 0.056481
1 0.555729 0.218981 0.012500 0.049074
1 0.491927 0.191204 0.010937 0.047222
1 0.575781 0.328241 0.016146 0.060185
1 0.602604 0.427778 0.015625 0.062963
1 0.591927 0.534722 0.017188 0.084259
1 0.602865 0.263426 0.016146 0.056481
1 0.667188 0.350463 0.016667 0.065741
1 0.655208 0.346759 0.013542 0.063889
1 0.601302 0.242593 0.014063 0.051852
1 0.735938 0.430556 0.018750 0.075926
1 0.937500 0.818519 0.032292 0.109259
1 0.661198 0.644907 0.023438 0.097222
