1 0.464062 0.760185 0.043750 0.146296
0 0.749740 0.595370 0.008854 0.014815
1 0.414583 0.457870 0.030208 0.086111
1 0.312760 0.531944 0.040104 0.108333
1 0.037760 0.402778 0.035937 0.083333
1 0.086979 0.333796 0.018750 0.062037
1 0.100521 0.451389 0.025000 0.087963
1 0.203125 0.387037 0.026042 0.070370
1 0.048958 0.317130 0.027083 0.060185
1 0.343490 0.437963 0.029687 0.083333
1 0.226823 0.360185 0.018229 0.068519
1 0.257552 0.387037 0.019271 0.077778
1 0.657292 0.554167 0.044792 0.099074
1 0.609115 0.315741 0.016146 0.050000
1 0.765885 0.598148 0.030729 0.111111
2 0.980208 0.665741 0.034375 0.135185
