1 0.400521 0.508333 0.031250 0.124074
1 0.444531 0.603704 0.035937 0.140741
1 0.282813 0.895370 0.031250 0.125926
1 0.650521 0.572222 0.022917 0.125926
1 0.649479 0.407407 0.026042 0.118519
1 0.711979 0.479630 0.027083 0.122222
1 0.566406 0.686574 0.029687 0.117593
0 0.361458 0.540741 0.008333 0.014815
1 0.465625 0.513889 0.021875 0.125926
1 0.873177 0.666667 0.024479 0.133333
1 0.227083 0.556944 0.030208 0.115741
2 0.779167 0.791204 0.037500 0.145370
1 0.811719 0.462963 0.029687 0.111111
1 0.777344 0.587500 0.030729 0.102778
1 0.924219 0.404630 0.038021 0.103704
