2 0.174479 0.548611 0.025000 0.112037
1 0.004687 0.621759 0.009375 0.119444
1 0.026823 0.509259 0.042188 0.111111
1 0.349479 0.502315 0.022917 0.113889
1 0.304427 0.477778 0.020313 0.109259
1 0.182812 0.478241 0.021875 0.112037
1 0.088542 0.613426 0.029167 0.139815
1 0.105208 0.502315 0.026042 0.113889
1 0.208594 0.506019 0.025521 0.123148
1 0.670833 0.469907 0.029167 0.108333
1 0.469531 0.538426 0.023438 0.123148
1 0.612500 0.590278 0.021875 0.132407
1 0.136979 0.468519 0.028125 0.101852
0 0.776823 0.750000 0.010937 0.018519
1 0.150521 0.450000 0.017708 0.101852
