1 0.745313 0.740278 0.031250 0.119444
1 0.384115 0.701389 0.025521 0.115741
1 0.495573 0.418981 0.018229 0.075000
1 0.224219 0.384259 0.020313 0.070370
1 0.383073 0.583333 0.030729 0.100000
1 0.079948 0.692593 0.029687 0.112963
1 0.060937 0.488889 0.021875 0.088889
1 0.529427 0.460185 0.021354 0.081481
1 0.152865 0.427315 0.024479 0.076852
2 0.109635 0.462963 0.018229 0.081481
0 0.847135 0.745833 0.008854 0.015741
1 0.826042 0.712963 0.036458 0.100000
1 0.709375 0.519907 0.027083 0.087963
1 0.853125 0.317130 0.016667 0.060185
2 0.966927 0.734259 0.038021 0.122222
