1 0.958854 0.930556 0.028125 0.137037
1 0.544531 0.932407 0.034896 0.133333
1 0.666146 0.589815 0.029167 0.111111
1 0.664583 0.487037 0.028125 0.092593
1 0.378906 0.602778 0.027604 0.120370
1 0.458073 0.449074 0.018229 0.092593
1 0.209635 0.953241 0.023438 0.091667
1 0.079167 0.608796 0.032292 0.117593
1 0.608854 0.424537 0.022917 0.086111
2 0.206771 0.662500 0.021875 0.123148
1 0.437500 0.603241 0.030208 0.106481
1 0.661198 0.613426 0.030729 0.104630
0 0.444010 0.491667 0.006771 0.011111
1 0.512760 0.460185 0.019271 0.090741
