1 0.116406 0.573611 0.029687 0.106481
1 0.690625 0.601389 0.035417 0.087963
1 0.577344 0.459259 0.023438 0.072222
1 0.306250 0.400000 0.017708 0.062963
1 0.081771 0.430556 0.016667 0.072222
1 0.377865 0.441667 0.017188 0.070370
1 0.025000 0.418981 0.021875 0.071296
1 0.107292 0.345833 0.011458 0.052778
0 0.715365 0.569444 0.007812 0.012963
1 0.432812 0.359722 0.013542 0.060185
1 0.657031 0.923148 0.075521 0.151852
1 0.567708 0.422222 0.016667 0.059259
1 0.750000 0.544444 0.030208 0.087037
1 0.983594 0.382407 0.015104 0.064815
