1 0.678125 0.688426 0.037500 0.117593
1 0.453125 0.546759 0.027083 0.095370
1 0.287760 0.685185 0.026562 0.122222
1 0.876302 0.436574 0.020313 0.087963
1 0.569010 0.378704 0.019271 0.074074
1 0.716927 0.490278 0.026562 0.091667
1 0.584115 0.594907 0.039062 0.050926
1 0.429948 0.508333 0.019271 0.101852
1 0.210417 0.381019 0.017708 0.071296
1 0.973437 0.516204 0.028125 0.097222
1 0.576562 0.481481 0.018750 0.092593
2 0.430990 0.460185 0.020313 0.055556
1 0.122656 0.424537 0.016146 0.075000
1 0.316927 0.576852 0.033854 0.101852
2 0.127604 0.222685 0.008333 0.041667
0 0.409375 0.582407 0.007292 0.011111
1 0.438802 0.533796 0.023438 0.093519
1 0.164844 0.732407 0.039062 0.125926
1 0.858854 0.705093 0.040625 0.113889
1 0.944531 0.532407 0.029687 0.092593
