2 0.176302 0.418519 0.027604 0.077778
2 0.110677 0.213889 0.011979 0.040741
1 0.429688 0.541204 0.032292 0.095370
1 0.623958 0.497222 0.026042 0.100000
1 0.639062 0.392593 0.025000 0.081481
1 0.462760 0.314815 0.017188 0.062963
1 0.147396 0.408796 0.033333 0.082407
1 0.473438 0.392593 0.022917 0.075926
1 0.072656 0.293056 0.022396 0.050926
1 0.030469 0.780556 0.060937 0.137037
1 0.619271 0.421296 0.025000 0.087037
1 0.212760 0.337963 0.024479 0.061111
1 0.064062 0.302315 0.021875 0.050926
1 0.357292 0.237500 0.013542 0.043519
0 0.445573 0.842130 0.008854 0.021296
1 0.652604 0.278241 0.013542 0.058333
1 0.465365 0.808796 0.048438 0.145370
1 0.786979 0.363889 0.018750 0.079630
1 0.922917 0.494444 0.021875 0.101852
