1 0.430208 0.538426 0.028125 0.091667
1 0.340365 0.513426 0.021354 0.087963
1 0.516406 0.458333 0.031771 0.079630
1 0.454427 0.565741 0.030729 0.077778
1 0.916406 0.720833 0.025521 0.115741
1 0.828125 0.487963 0.030208 0.101852
2 0.713542 0.548611 0.019792 0.099074
1 0.913542 0.445370 0.033333 0.090741
1 0.200781 0.599074 0.022396 0.101852
1 0.841927 0.639352 0.032813 0.104630
1 0.882812 0.418981 0.021875 0.084259
1 0.452865 0.411574 0.018229 0.084259
1 0.797396 0.524074 0.019792 0.090741
1 0.629167 0.433333 0.027083 0.075926
0 0.449219 0.565741 0.006771 0.011111
1 0.341927 0.499537 0.019271 0.099074
1 0.109896 0.718056 0.025000 0.113889
2 0.086198 0.379167 0.019271 0.086111
1 0.018229 0.531944 0.025000 0.100926
