1 0.860417 0.895833 0.051042 0.171296
1 0.544531 0.523148 0.027604 0.101852
1 0.911719 0.495370 0.033854 0.100000
1 0.770052 0.423611 0.034896 0.087963
1 0.375521 0.733796 0.033333 0.139815
1 0.522396 0.431944 0.023958 0.089815
1 0.685937 0.339352 0.019792 0.076852
1 0.318490 0.632407 0.027604 0.129630
1 0.226823 0.331481 0.015104 0.075926
1 0.114062 0.425463 0.025000 0.093519
1 0.204167 0.265741 0.017708 0.064815
1 0.298698 0.327315 0.026562 0.071296
1 0.187760 0.388889 0.021354 0.088889
1 0.091406 0.497685 0.027604 0.106481
2 0.072396 0.542593 0.026042 0.114815
0 0.660937 0.369907 0.005208 0.008333
1 0.061198 0.314815 0.023438 0.064815
2 0.039062 0.252778 0.015625 0.057407
