1 0.922656 0.975000 0.030729 0.048148
1 0.392448 0.517130 0.026562 0.089815
1 0.379167 0.534259 0.026042 0.131481
0 0.394792 0.419907 0.009375 0.019444
1 0.719531 0.572222 0.023438 0.120370
1 0.395833 0.492593 0.021875 0.075926
2 0.536719 0.631944 0.029687 0.150926
1 0.527604 0.488889 0.028125 0.109259
1 0.530729 0.470833 0.019792 0.106481
1 0.674219 0.467130 0.027604 0.099074
1 0.891667 0.500000 0.027083 0.103704
1 0.643229 0.408796 0.021875 0.086111
1 0.738281 0.391667 0.024479 0.077778
2 0.947135 0.363426 0.019271 0.078704
1 0.396875 0.563889 0.029167 0.116667
1 0.330729 0.544444 0.034375 0.094444
1 0.343229 0.486574 0.034375 0.087963
