0 0.335938 0.405093 0.008333 0.012037
2 0.234896 0.432870 0.027083 0.102778
1 0.377344 0.344444 0.022396 0.050000
1 0.426563 0.337037 0.032292 0.038889
1 0.137500 0.398611 0.032292 0.089815
1 0.200000 0.393981 0.029167 0.091667
1 0.498177 0.436574 0.032813 0.102778
1 0.456510 0.374537 0.023438 0.082407
1 0.671354 0.515741 0.035417 0.125926
1 0.738542 0.435648 0.025000 0.071296
1 0.430208 0.378704 0.026042 0.081481
1 0.739583 0.507870 0.032292 0.112037
1 0.574219 0.530556 0.020313 0.120370
1 0.519271 0.755556 0.030208 0.157407
1 0.842448 0.575926 0.029687 0.116667
1 0.086719 0.746759 0.043229 0.158333
1 0.555208 0.562500 0.026042 0.123148
1 0.055469 0.590741 0.026562 0.131481
1 0.942708 0.464352 0.016667 0.113889
