0 0.079948 0.562037 0.007812 0.011111
2 0.653646 0.427778 0.017708 0.114815
1 0.178125 0.562963 0.026042 0.114815
1 0.633073 0.438889 0.016146 0.092593
1 0.684115 0.383796 0.024479 0.078704
1 0.499740 0.396759 0.017188 0.082407
1 0.419531 0.446759 0.018229 0.097222
1 0.758333 0.455093 0.020833 0.093519
1 0.434896 0.503704 0.020833 0.029630
1 0.919531 0.508796 0.021354 0.117593
1 0.966667 0.484259 0.027083 0.109259
1 0.670573 0.391204 0.017188 0.082407
1 0.987500 0.551852 0.020833 0.118519
1 0.635156 0.571296 0.031771 0.120370
1 0.330729 0.828241 0.040625 0.160185
1 0.402083 0.718981 0.037500 0.139815
1 0.948438 0.576389 0.030208 0.112037
1 0.494792 0.456019 0.020833 0.095370
1 0.006771 0.569907 0.013542 0.125000
1 0.110156 0.524537 0.035937 0.108333
2 0.031250 0.352778 0.014583 0.072222
