1 0.734115 0.291204 0.015104 0.065741
0 0.069531 0.491204 0.008854 0.015741
2 0.684896 0.450926 0.022917 0.107407
1 0.487500 0.375000 0.016667 0.083333
1 0.754948 0.709259 0.034896 0.150000
1 0.688542 0.355556 0.020833 0.088889
1 0.755729 0.347222 0.015625 0.079630
1 0.862240 0.318981 0.018229 0.087963
1 0.059896 0.502315 0.018750 0.112037
1 0.881771 0.324537 0.026042 0.071296
1 0.755729 0.335648 0.014583 0.076852
1 0.758854 0.419444 0.043750 0.094444
1 0.578646 0.464352 0.021875 0.108333
1 0.716146 0.704167 0.029167 0.156481
1 0.664062 0.346296 0.019792 0.083333
1 0.611198 0.388426 0.018229 0.091667
1 0.994531 0.382870 0.008854 0.087963
1 0.994792 0.330093 0.008333 0.019444
