1 0.629167 0.459722 0.020833 0.102778
1 0.456771 0.574074 0.033333 0.122222
1 0.891146 0.448148 0.026042 0.101852
1 0.587760 0.554167 0.026562 0.125000
1 0.404167 0.340278 0.021875 0.086111
1 0.515625 0.454167 0.025000 0.028704
1 0.664844 0.333796 0.018229 0.082407
1 0.233854 0.355556 0.022917 0.092593
1 0.447135 0.464815 0.025521 0.112963
1 0.450000 0.407870 0.016667 0.080556
2 0.402344 0.527315 0.026562 0.119444
0 0.457813 0.515278 0.006250 0.010185
1 0.143750 0.382870 0.020833 0.095370
1 0.459896 0.309722 0.021875 0.069444
2 0.325260 0.250000 0.013021 0.062963
