1 0.423438 0.767593 0.031250 0.122222
1 0.555469 0.629630 0.029687 0.092593
1 0.719531 0.432407 0.018229 0.068519
1 0.591927 0.365741 0.017188 0.057407
1 0.461198 0.600463 0.027604 0.099074
1 0.070573 0.786574 0.045312 0.123148
1 0.397656 0.480556 0.021354 0.077778
1 0.051823 0.373148 0.016146 0.055556
1 0.736719 0.463889 0.018229 0.068519
1 0.532552 0.390278 0.014063 0.060185
1 0.197135 0.349074 0.013021 0.046296
2 0.380729 0.453241 0.018750 0.071296
1 0.302083 0.438889 0.020833 0.072222
1 0.149740 0.539815 0.028646 0.085185
2 0.164062 0.262037 0.007292 0.031481
0 0.700781 0.574537 0.006771 0.012037
1 0.010417 0.419444 0.016667 0.064815
1 0.028125 0.750463 0.041667 0.100926
1 0.513021 0.757870 0.037500 0.108333
1 0.747656 0.543519 0.023438 0.081481
