1 0.651823 0.526852 0.034896 0.087037
1 0.168229 0.536574 0.025000 0.099074
1 0.204167 0.506944 0.022917 0.089815
1 0.417969 0.574537 0.028646 0.089815
1 0.602344 0.715741 0.039062 0.116667
1 0.484115 0.559259 0.023438 0.096296
2 0.252344 0.559259 0.030729 0.088889
1 0.519792 0.506944 0.036458 0.084259
1 0.459635 0.581944 0.031771 0.086111
1 0.569792 0.492593 0.020833 0.074074
1 0.478646 0.533796 0.020833 0.063889
1 0.410156 0.485648 0.026562 0.080556
0 0.508333 0.610185 0.006250 0.011111
1 0.552344 0.531944 0.025521 0.075000
1 0.731250 0.562963 0.032292 0.096296
1 0.395313 0.987500 0.014583 0.023148
