1 0.646615 0.889352 0.042188 0.208333
1 0.260937 0.483796 0.032292 0.121296
1 0.427083 0.524537 0.032292 0.130556
0 0.402865 0.361111 0.006771 0.011111
1 0.660677 0.556019 0.032813 0.141667
1 0.394271 0.443519 0.019792 0.124074
2 0.548958 0.595370 0.037500 0.159259
1 0.504167 0.459259 0.023958 0.127778
1 0.525260 0.422685 0.023438 0.121296
1 0.721354 0.407870 0.025000 0.104630
1 0.872396 0.480556 0.030208 0.120370
1 0.670833 0.362963 0.020833 0.101852
1 0.934115 0.340741 0.028646 0.090741
1 0.458594 0.506481 0.034896 0.120370
1 0.230990 0.509722 0.030729 0.123148
1 0.391667 0.409259 0.019792 0.114815
