1 0.754687 0.587963 0.033333 0.107407
1 0.494792 0.496296 0.032292 0.057407
1 0.126823 0.579167 0.020313 0.100926
1 0.398958 0.498148 0.022917 0.079630
1 0.474740 0.525000 0.023438 0.088889
1 0.782813 0.771759 0.035417 0.123148
1 0.565885 0.491667 0.034896 0.085185
2 0.452865 0.563889 0.016146 0.096296
1 0.795312 0.476852 0.019792 0.101852
1 0.056771 0.659722 0.026042 0.108333
1 0.558594 0.602315 0.025521 0.099074
1 0.823177 0.489815 0.021354 0.064815
1 0.210156 0.423148 0.019271 0.085185
1 0.611719 0.536111 0.025521 0.090741
1 0.550781 0.482870 0.020313 0.071296
0 0.555469 0.518981 0.005729 0.010185
1 0.122917 0.511111 0.020833 0.096296
1 0.818229 0.543981 0.020833 0.093519
1 0.838281 0.622685 0.028646 0.112037
