1 0.186719 0.762500 0.036979 0.175000
1 0.345052 0.608333 0.035937 0.146296
1 0.510417 0.494907 0.031250 0.119444
0 0.823698 0.556944 0.009896 0.015741
1 0.877604 0.537037 0.030208 0.129630
1 0.392448 0.463889 0.022396 0.120370
2 0.078646 0.417130 0.020833 0.119444
1 0.213021 0.330093 0.021875 0.102778
1 0.198698 0.272685 0.018229 0.086111
1 0.248177 0.275463 0.022396 0.062037
1 0.307292 0.222685 0.018750 0.062037
1 0.459635 0.297685 0.017188 0.080556
1 0.571354 0.334722 0.017708 0.093519
1 0.526563 0.229167 0.018750 0.071296
1 0.370312 0.188889 0.018750 0.072222
1 0.481771 0.165278 0.010417 0.058333
1 0.809115 0.220370 0.019271 0.068519
1 0.510938 0.278241 0.017708 0.080556
2 0.446875 0.143981 0.011458 0.050926
1 0.993229 0.356481 0.012500 0.124074
