1 0.744531 0.462037 0.017188 0.107407
1 0.512500 0.614352 0.027083 0.126852
1 0.952604 0.350463 0.030208 0.093519
1 0.641146 0.579630 0.039583 0.135185
1 0.371094 0.328241 0.019271 0.078704
1 0.530469 0.441204 0.049479 0.036111
1 0.722396 0.299537 0.017708 0.073148
1 0.328906 0.332407 0.033854 0.083333
1 0.482812 0.405093 0.037500 0.080556
1 0.533594 0.416204 0.044271 0.086111
2 0.473438 0.541204 0.028125 0.123148
0 0.468750 0.447685 0.006250 0.010185
1 0.201563 0.362500 0.021875 0.087963
1 0.564323 0.295833 0.023438 0.071296
2 0.371094 0.252778 0.016146 0.061111
1 0.008073 0.466204 0.016146 0.113889
