2 0.176823 0.392130 0.035937 0.086111
1 0.336198 0.517593 0.038021 0.131481
1 0.467708 0.412963 0.025000 0.098148
1 0.509375 0.326852 0.028125 0.074074
1 0.459115 0.432870 0.024479 0.097222
1 0.538802 0.366204 0.031771 0.076852
1 0.515885 0.369444 0.020313 0.079630
1 0.494792 0.543981 0.029167 0.126852
1 0.501823 0.387500 0.020313 0.084259
1 0.641406 0.361574 0.028646 0.076852
1 0.757552 0.457407 0.030729 0.103704
1 0.484635 0.725926 0.039062 0.172222
1 0.910937 0.471759 0.027083 0.112037
1 0.745313 0.414352 0.025000 0.087963
0 0.548438 0.421296 0.007292 0.011111
1 0.532813 0.383333 0.018750 0.079630
1 0.127344 0.365278 0.031771 0.084259
