2 0.452083 0.649074 0.027083 0.127778
1 0.146354 0.577778 0.026042 0.118519
1 0.395833 0.646759 0.027083 0.136111
1 0.581771 0.538889 0.031250 0.100000
1 0.444531 0.435648 0.019271 0.075000
1 0.039062 0.511574 0.035417 0.110185
1 0.151562 0.456019 0.026042 0.084259
1 0.324479 0.617593 0.044792 0.125926
1 0.759635 0.485185 0.023438 0.092593
1 0.098177 0.502315 0.028646 0.097222
1 0.448437 0.413889 0.017708 0.081481
1 0.118229 0.425000 0.029167 0.079630
1 0.371615 0.330093 0.011979 0.062037
0 0.734635 0.514352 0.007812 0.012037
1 0.811979 0.383796 0.019792 0.073148
