1 0.098437 0.430556 0.016667 0.085185
1 0.008333 0.421759 0.016667 0.086111
2 0.028646 0.372685 0.021875 0.078704
1 0.211458 0.539815 0.028125 0.112963
1 0.469010 0.465741 0.020313 0.096296
1 0.271354 0.413426 0.027083 0.089815
1 0.209375 0.411574 0.023958 0.073148
1 0.736458 0.402778 0.030208 0.066667
1 0.455990 0.415278 0.016146 0.075000
1 0.658594 0.376389 0.013021 0.073148
2 0.665625 0.441204 0.019792 0.087963
1 0.487240 0.498148 0.024479 0.100000
1 0.731510 0.418056 0.019271 0.080556
1 0.630208 0.382407 0.018750 0.077778
1 0.325260 0.390741 0.019271 0.070370
1 0.972917 0.396296 0.015625 0.083333
1 0.826562 0.379167 0.019792 0.078704
1 0.995833 0.408333 0.007292 0.087037
1 0.771354 0.455556 0.017708 0.092593
0 0.316927 0.351852 0.008854 0.011111
