0 0.445573 0.412037 0.007812 0.011111
2 0.155729 0.433796 0.017708 0.097222
1 0.316146 0.357870 0.039583 0.037963
1 0.361458 0.347222 0.035417 0.033333
1 0.158073 0.417130 0.028646 0.097222
1 0.216927 0.421296 0.024479 0.100000
1 0.481250 0.441667 0.029167 0.096296
1 0.483073 0.394444 0.029687 0.072222
1 0.625521 0.518981 0.031250 0.119444
1 0.682813 0.462500 0.023958 0.106481
1 0.392188 0.418981 0.021875 0.084259
1 0.689583 0.509722 0.027083 0.115741
1 0.517448 0.541667 0.033854 0.124074
1 0.418490 0.757870 0.040104 0.154630
1 0.759635 0.568981 0.028646 0.115741
1 0.013021 0.760648 0.026042 0.160185
1 0.497656 0.576389 0.028646 0.121296
1 0.016146 0.611111 0.032292 0.127778
1 0.875521 0.465741 0.016667 0.112963
