2 0.133073 0.413426 0.030729 0.099074
1 0.321615 0.614815 0.021354 0.150000
1 0.267448 0.393519 0.024479 0.092593
1 0.328906 0.366204 0.018229 0.087963
1 0.308333 0.272222 0.015625 0.068519
1 0.344531 0.277778 0.013021 0.070370
1 0.410938 0.321759 0.018750 0.082407
1 0.488021 0.606019 0.032292 0.137963
1 0.546875 0.447222 0.025000 0.105556
1 0.633333 0.371296 0.018750 0.096296
1 0.667969 0.240278 0.014063 0.062037
1 0.770312 0.775926 0.039583 0.179630
1 0.761719 0.699074 0.039062 0.148148
1 0.820312 0.588426 0.029167 0.139815
1 0.785156 0.492130 0.020313 0.117593
