2 0.170052 0.417130 0.021354 0.099074
1 0.318750 0.595370 0.036458 0.144444
1 0.313021 0.395833 0.025000 0.086111
1 0.357292 0.377315 0.019792 0.091667
1 0.325781 0.278704 0.016146 0.070370
1 0.344271 0.281481 0.017708 0.068519
1 0.423177 0.331944 0.020313 0.080556
1 0.497656 0.594907 0.038021 0.119444
1 0.527604 0.449537 0.028125 0.102778
1 0.627865 0.370370 0.019271 0.098148
1 0.654948 0.246296 0.011979 0.061111
1 0.715104 0.795370 0.061458 0.174074
1 0.796615 0.734722 0.040104 0.173148
1 0.823177 0.601852 0.030729 0.142593
1 0.780990 0.461111 0.022396 0.109259
1 0.009896 0.761574 0.019792 0.173148
0 0.645312 0.662500 0.025000 0.023148
