0 0.388542 0.357870 0.005208 0.010185
2 0.433073 0.420370 0.021354 0.096296
1 0.383594 0.332407 0.016146 0.064815
1 0.428906 0.340741 0.025521 0.074074
1 0.310417 0.380556 0.028125 0.085185
1 0.426042 0.379167 0.029167 0.089815
1 0.644792 0.418981 0.020833 0.091667
1 0.664323 0.368519 0.021354 0.074074
1 0.738802 0.485185 0.032813 0.116667
1 0.858073 0.436574 0.025521 0.102778
1 0.635677 0.376852 0.021354 0.085185
1 0.973177 0.494907 0.027604 0.112037
1 0.634115 0.524537 0.032813 0.112037
1 0.502865 0.742130 0.040104 0.147222
1 0.296615 0.681944 0.036979 0.139815
1 0.772396 0.551852 0.028125 0.114815
1 0.353646 0.565278 0.027083 0.117593
