1 0.014323 0.542130 0.028646 0.123148
1 0.062240 0.447222 0.021354 0.098148
1 0.212240 0.373148 0.029687 0.087037
2 0.359635 0.442593 0.021354 0.098148
1 0.157292 0.557407 0.033333 0.129630
1 0.317188 0.428704 0.028125 0.094444
1 0.218490 0.397222 0.016146 0.088889
1 0.539844 0.373148 0.015104 0.083333
1 0.409115 0.356481 0.017188 0.085185
1 0.640885 0.388889 0.018229 0.092593
1 0.375000 0.488426 0.023958 0.112037
1 0.663021 0.476852 0.018750 0.111111
1 0.765104 0.568519 0.023958 0.133333
0 0.407292 0.313889 0.006250 0.011111
