1 0.579688 0.556481 0.031250 0.096296
1 0.140885 0.608333 0.030729 0.107407
1 0.058854 0.523611 0.021875 0.087963
1 0.311458 0.538426 0.021875 0.093519
1 0.531250 0.597222 0.020833 0.092593
1 0.711198 0.764815 0.027604 0.122222
1 0.657813 0.501852 0.027083 0.088889
2 0.609115 0.596296 0.020313 0.100000
1 0.686719 0.498148 0.021354 0.096296
1 0.631771 0.725463 0.026042 0.112037
1 0.476042 0.481019 0.022917 0.082407
1 0.315885 0.450000 0.020313 0.085185
1 0.579948 0.528241 0.024479 0.084259
1 0.554427 0.474074 0.018229 0.079630
0 0.562760 0.393981 0.006771 0.010185
1 0.026823 0.524537 0.025521 0.099074
1 0.855990 0.551852 0.019271 0.098148
1 0.925260 0.663426 0.027604 0.119444
