1 0.282292 0.391667 0.028125 0.092593
1 0.286458 0.406019 0.035417 0.080556
2 0.290625 0.342130 0.016667 0.076852
1 0.306510 0.601389 0.027604 0.139815
1 0.529687 0.500926 0.037500 0.120370
1 0.401302 0.411111 0.024479 0.092593
1 0.364323 0.381019 0.019271 0.082407
1 0.612760 0.430556 0.017188 0.090741
1 0.683333 0.431019 0.031250 0.095370
1 0.993490 0.388889 0.011979 0.064815
2 0.815365 0.455556 0.031771 0.101852
1 0.904427 0.543056 0.033854 0.128704
1 0.964583 0.400463 0.022917 0.097222
1 0.654167 0.380556 0.014583 0.079630
0 0.424479 0.345833 0.010417 0.010185
1 0.974479 0.389352 0.015625 0.097222
1 0.988542 0.380556 0.015625 0.094444
1 0.030208 0.472685 0.040625 0.117593
