1 0.037500 0.450463 0.027083 0.104630
1 0.060417 0.419907 0.018750 0.100926
2 0.158333 0.348611 0.015625 0.082407
1 0.121875 0.635648 0.039583 0.147222
1 0.423438 0.512037 0.027083 0.120370
1 0.332292 0.403704 0.016667 0.101852
1 0.302865 0.395833 0.014063 0.087963
1 0.533333 0.443981 0.019792 0.104630
1 0.583594 0.437037 0.025521 0.098148
1 0.691146 0.375000 0.014583 0.079630
2 0.692708 0.455556 0.023958 0.103704
1 0.853385 0.614815 0.027604 0.146296
1 0.859115 0.465741 0.020313 0.100000
1 0.991667 0.395370 0.015625 0.092593
1 0.487240 0.355093 0.017188 0.084259
0 0.486719 0.311111 0.005729 0.009259
1 0.994792 0.424074 0.008333 0.079630
