1 0.822656 0.755093 0.050521 0.137963
1 0.603385 0.661574 0.033854 0.128704
1 0.896875 0.422222 0.020833 0.094444
1 0.832552 0.343056 0.022396 0.071296
1 0.743750 0.477315 0.022917 0.095370
1 0.691927 0.360648 0.017188 0.078704
1 0.758854 0.297685 0.018750 0.073148
1 0.723698 0.571759 0.026562 0.110185
1 0.548958 0.250000 0.015625 0.062963
1 0.406771 0.329167 0.014583 0.075000
1 0.335156 0.210185 0.010937 0.055556
1 0.441927 0.286111 0.017188 0.066667
1 0.278385 0.336574 0.017188 0.071296
1 0.224479 0.457407 0.021875 0.098148
2 0.258073 0.392130 0.034896 0.086111
0 0.798177 0.680556 0.007812 0.012963
1 0.107813 0.276852 0.014583 0.059259
2 0.135677 0.159722 0.011979 0.039815
