1 0.423438 0.474537 0.023958 0.132407
1 0.466146 0.538426 0.045833 0.137963
0 0.743490 0.573148 0.008854 0.014815
2 0.396615 0.511111 0.039062 0.135185
1 0.981250 0.758796 0.036458 0.199074
1 0.781250 0.521759 0.054167 0.126852
1 0.252865 0.397222 0.020313 0.120370
1 0.772917 0.603704 0.050000 0.179630
1 0.659896 0.306019 0.025000 0.099074
1 0.486719 0.359259 0.023438 0.107407
1 0.013281 0.509259 0.026562 0.140741
1 0.150260 0.280556 0.023438 0.094444
2 0.179688 0.187037 0.018750 0.074074
1 0.200521 0.355093 0.029167 0.104630
1 0.734115 0.553704 0.039062 0.127778
