0 0.335156 0.662500 0.013021 0.019444
2 0.414323 0.355556 0.036979 0.094444
1 0.569010 0.478241 0.039062 0.089815
1 0.779687 0.569907 0.062500 0.132407
1 0.263281 0.476389 0.030729 0.113889
1 0.293229 0.332407 0.031250 0.092593
1 0.262760 0.259259 0.023438 0.077778
1 0.287760 0.245370 0.023438 0.072222
1 0.215104 0.272685 0.017708 0.078704
1 0.547917 0.344444 0.036458 0.087037
1 0.289583 0.655556 0.044792 0.144444
1 0.543490 0.543519 0.045312 0.122222
1 0.123958 0.307870 0.026042 0.095370
1 0.199219 0.394907 0.028646 0.106481
1 0.600000 0.375463 0.034375 0.102778
1 0.624740 0.225926 0.018229 0.062963
1 0.258854 0.207407 0.015625 0.061111
2 0.542448 0.129167 0.010937 0.041667
