1 0.365365 0.544444 0.030729 0.144444
1 0.111979 0.510648 0.041667 0.130556
0 0.648958 0.356481 0.006250 0.009259
2 0.030469 0.613889 0.042188 0.155556
1 0.907292 0.531944 0.028125 0.139815
1 0.464323 0.411111 0.021354 0.120370
1 0.837240 0.638426 0.041146 0.180556
1 0.662760 0.318056 0.019271 0.089815
1 0.485938 0.352778 0.022917 0.100000
1 0.141406 0.482407 0.025521 0.129630
1 0.160677 0.331019 0.016146 0.097222
2 0.242188 0.259259 0.016667 0.079630
1 0.231250 0.350926 0.023958 0.096296
1 0.035677 0.369907 0.026562 0.104630
1 0.978906 0.688889 0.034896 0.168519
