1 0.695052 0.569907 0.020313 0.100926
1 0.300000 0.516204 0.031250 0.087963
1 0.566406 0.759722 0.034896 0.128704
1 0.914583 0.502778 0.017708 0.094444
1 0.721615 0.566667 0.028646 0.098148
1 0.736719 0.430556 0.030729 0.077778
1 0.478125 0.378241 0.019792 0.065741
1 0.972135 0.510185 0.031771 0.092593
1 0.985156 0.369444 0.022396 0.072222
1 0.740885 0.310648 0.015104 0.052778
2 0.767708 0.410185 0.018750 0.077778
1 0.568750 0.402315 0.017708 0.078704
1 0.269271 0.486111 0.019792 0.090741
2 0.280729 0.279167 0.012500 0.047222
0 0.253385 0.517593 0.006771 0.011111
1 0.153646 0.396296 0.022917 0.074074
1 0.224479 0.960648 0.031250 0.076852
