1 0.592708 0.400000 0.016667 0.062963
1 0.253385 0.549074 0.017188 0.081481
1 0.026823 0.554630 0.020313 0.079630
1 0.240885 0.457407 0.016146 0.068519
1 0.382812 0.523611 0.019792 0.067593
1 0.634635 0.596759 0.016146 0.076852
1 0.750000 0.468519 0.016667 0.074074
2 0.420312 0.426389 0.014583 0.071296
1 0.567708 0.382870 0.014583 0.063889
1 0.843229 0.469444 0.015625 0.062963
1 0.483594 0.415278 0.018229 0.056481
1 0.492969 0.481481 0.017188 0.064815
1 0.366667 0.422222 0.018750 0.064815
1 0.567969 0.468981 0.017188 0.067593
1 0.814323 0.547685 0.018229 0.084259
1 0.454427 0.715278 0.021354 0.089815
1 0.739323 0.433796 0.020313 0.071296
