1 0.981771 0.564352 0.018750 0.106481
1 0.386979 0.570370 0.029167 0.098148
1 0.329688 0.515741 0.028125 0.085185
1 0.499479 0.460648 0.019792 0.080556
1 0.463021 0.582407 0.036458 0.087037
1 0.889323 0.716667 0.025521 0.112963
1 0.792448 0.489352 0.023438 0.104630
2 0.700781 0.556019 0.022396 0.099074
1 0.862760 0.451852 0.029687 0.085185
1 0.161458 0.600000 0.023958 0.101852
1 0.836719 0.650926 0.031771 0.109259
1 0.851562 0.426389 0.023958 0.082407
1 0.452083 0.423148 0.022917 0.085185
1 0.772396 0.523148 0.019792 0.088889
1 0.579688 0.438889 0.023958 0.075926
0 0.395052 0.600000 0.006771 0.011111
1 0.311198 0.498148 0.023438 0.090741
1 0.080729 0.717593 0.027083 0.112963
2 0.047917 0.391667 0.019792 0.087037
