1 0.645052 0.797685 0.030729 0.102778
1 0.755469 0.521296 0.024479 0.077778
1 0.955469 0.473611 0.020313 0.080556
1 0.839844 0.279630 0.011979 0.055556
1 0.561979 0.360185 0.020833 0.066667
1 0.592969 0.289352 0.013021 0.056481
1 0.504948 0.208796 0.010937 0.045370
1 0.514323 0.157870 0.013021 0.052778
1 0.301042 0.558796 0.041667 0.065741
1 0.231771 0.330556 0.020833 0.064815
1 0.500260 0.793056 0.021354 0.099074
1 0.233854 0.571759 0.038542 0.071296
1 0.594792 0.559259 0.019792 0.077778
1 0.925521 0.503704 0.023958 0.075926
1 0.416927 0.508796 0.017188 0.073148
1 0.186458 0.362500 0.019792 0.060185
2 0.354948 0.375000 0.017188 0.066667
1 0.281250 0.272222 0.014583 0.062963
1 0.427344 0.227315 0.009896 0.050926
2 0.351562 0.122222 0.009375 0.042593
1 0.566406 0.339815 0.015104 0.057407
1 0.834896 0.226852 0.016667 0.055556
0 0.630469 0.842130 0.007812 0.013889
