0 0.394792 0.351389 0.005208 0.010185
2 0.500781 0.431481 0.028646 0.090741
1 0.059635 0.598611 0.045312 0.126852
1 0.376563 0.324537 0.017708 0.063889
1 0.498177 0.362500 0.018229 0.080556
1 0.332552 0.380093 0.023438 0.080556
1 0.438021 0.381944 0.023958 0.087963
1 0.686198 0.435185 0.024479 0.096296
1 0.725521 0.379630 0.022917 0.079630
1 0.791667 0.478241 0.023958 0.112037
1 0.850260 0.431481 0.026562 0.098148
1 0.696094 0.387500 0.018229 0.084259
1 0.622917 0.535185 0.035417 0.109259
1 0.512500 0.739352 0.059375 0.139815
1 0.371094 0.687037 0.034896 0.135185
1 0.876042 0.566667 0.026042 0.112963
1 0.479427 0.575926 0.020313 0.120370
