1 0.747656 0.568981 0.017188 0.087963
1 0.321875 0.489352 0.034375 0.067593
1 0.418490 0.701852 0.040104 0.088889
1 0.907292 0.524074 0.022917 0.081481
1 0.698438 0.578241 0.021875 0.091667
1 0.654427 0.449074 0.013021 0.066667
1 0.400260 0.420833 0.021354 0.050926
1 0.719271 0.359259 0.013542 0.046296
2 0.852344 0.458796 0.015104 0.069444
1 0.634115 0.438889 0.021354 0.064815
1 0.384115 0.481019 0.021354 0.069444
2 0.344271 0.330093 0.011458 0.037963
0 0.300000 0.453704 0.005208 0.007407
1 0.297656 0.428241 0.025521 0.052778
1 0.372396 0.936111 0.041667 0.125926
