1 0.290885 0.678704 0.044271 0.127778
1 0.855469 0.714815 0.041146 0.116667
1 0.725521 0.527315 0.028125 0.087963
1 0.810156 0.401389 0.020313 0.082407
1 0.805990 0.329167 0.016146 0.067593
1 0.794010 0.359259 0.017188 0.075926
1 0.753906 0.369444 0.017188 0.075926
1 0.714583 0.314815 0.016667 0.075926
1 0.650521 0.421759 0.020833 0.076852
1 0.465104 0.259259 0.011458 0.061111
1 0.412500 0.309722 0.022917 0.073148
1 0.327344 0.710185 0.040104 0.127778
1 0.290885 0.249074 0.018229 0.059259
1 0.469271 0.281944 0.026042 0.067593
1 0.344531 0.357870 0.023438 0.080556
1 0.325521 0.476389 0.034375 0.100926
2 0.351562 0.313889 0.019792 0.070370
0 0.761979 0.754167 0.010417 0.015741
1 0.114323 0.390741 0.027604 0.087037
1 0.088281 0.417130 0.042188 0.084259
1 0.153646 0.315278 0.025000 0.062037
2 0.018229 0.182407 0.020833 0.044444
