1 0.335417 0.412963 0.027083 0.096296
1 0.420312 0.396759 0.021875 0.086111
2 0.339062 0.308796 0.017708 0.078704
1 0.392969 0.518981 0.028646 0.119444
1 0.640104 0.421296 0.020833 0.101852
1 0.494271 0.392593 0.039583 0.087037
1 0.381250 0.488889 0.044792 0.107407
1 0.759635 0.404630 0.022396 0.101852
1 0.832031 0.401852 0.022396 0.098148
2 0.692708 0.405093 0.019792 0.095370
1 0.773958 0.474074 0.027083 0.116667
1 0.617969 0.438889 0.040104 0.040741
1 0.962240 0.362500 0.020313 0.087963
1 0.499479 0.362500 0.025000 0.082407
1 0.192188 0.448611 0.029167 0.115741
1 0.900000 0.464352 0.022917 0.112037
0 0.480990 0.427778 0.007812 0.009259
