2 0.870573 0.653704 0.031771 0.138889
2 0.137500 0.305556 0.014583 0.066667
1 0.201042 0.568056 0.031250 0.128704
1 0.283854 0.676389 0.023958 0.145370
1 0.472396 0.604167 0.021875 0.128704
1 0.478385 0.416204 0.014063 0.087963
1 0.145573 0.487963 0.018229 0.116667
1 0.273438 0.443056 0.017708 0.095370
1 0.046875 0.381019 0.015625 0.080556
1 0.693750 0.610648 0.029167 0.136111
1 0.968229 0.499074 0.029167 0.105556
1 0.464323 0.489352 0.022396 0.104630
1 0.655729 0.428704 0.021875 0.088889
1 0.485156 0.407870 0.019271 0.082407
1 0.501302 0.312037 0.014063 0.062963
0 0.479167 0.535185 0.007292 0.012963
