1 0.674740 0.730556 0.021354 0.122222
1 0.563281 0.600000 0.035937 0.083333
1 0.720313 0.349537 0.021875 0.073148
1 0.619531 0.299074 0.019271 0.068519
1 0.507031 0.400463 0.025521 0.091667
1 0.439844 0.223148 0.021354 0.068519
1 0.146354 0.446296 0.020833 0.085185
1 0.026302 0.218519 0.024479 0.075926
1 0.069531 0.753241 0.038021 0.119444
1 0.575260 0.759259 0.027604 0.112963
1 0.427604 0.694907 0.019792 0.104630
1 0.590885 0.302778 0.025521 0.072222
1 0.201823 0.639815 0.033854 0.109259
2 0.296094 0.356481 0.025521 0.081481
1 0.467708 0.330093 0.020833 0.075000
1 0.675000 0.366667 0.019792 0.077778
0 0.563281 0.791204 0.007812 0.015741
1 0.925781 0.193981 0.018229 0.065741
