1 0.431510 0.569907 0.057813 0.137963
1 0.380729 0.595833 0.039583 0.141667
0 0.359635 0.611111 0.010937 0.020370
2 0.059896 0.461111 0.037500 0.142593
1 0.656771 0.538889 0.037500 0.159259
1 0.523698 0.418056 0.032813 0.128704
1 0.343229 0.454630 0.044792 0.140741
1 0.964323 0.306019 0.022396 0.119444
1 0.705208 0.307870 0.025000 0.121296
1 0.411198 0.185648 0.021354 0.084259
1 0.352604 0.261574 0.022917 0.100926
1 0.164323 0.352315 0.047396 0.100926
1 0.035937 0.201389 0.031250 0.087963
1 0.025260 0.658796 0.050521 0.173148
