1 0.370312 0.554167 0.033333 0.147222
1 0.108073 0.516667 0.032813 0.135185
0 0.661979 0.361111 0.006250 0.009259
2 0.023438 0.616667 0.042708 0.155556
1 0.940365 0.538426 0.028646 0.141667
1 0.488802 0.416204 0.021354 0.115741
1 0.862500 0.643981 0.048958 0.178704
1 0.678385 0.323148 0.026562 0.088889
1 0.504427 0.351852 0.020313 0.098148
1 0.166406 0.486111 0.026562 0.127778
1 0.180208 0.334722 0.017708 0.095370
2 0.248438 0.264815 0.014583 0.077778
1 0.257552 0.349074 0.031771 0.096296
1 0.046354 0.374537 0.021875 0.108333
1 0.992448 0.742593 0.014063 0.103704
