2 0.932031 0.667593 0.035937 0.146296
2 0.137760 0.304630 0.015104 0.066667
1 0.252344 0.581481 0.026562 0.131481
1 0.298177 0.676389 0.029687 0.145370
1 0.469792 0.604167 0.021875 0.128704
1 0.478385 0.416204 0.014063 0.087963
1 0.143490 0.487963 0.016146 0.116667
1 0.272396 0.442130 0.018750 0.095370
1 0.045573 0.381481 0.019271 0.081481
1 0.693490 0.610648 0.028646 0.136111
1 0.972656 0.496296 0.020313 0.109259
1 0.458333 0.487963 0.019792 0.101852
1 0.643229 0.431481 0.016667 0.092593
1 0.485156 0.407870 0.019271 0.082407
1 0.516927 0.313889 0.013021 0.066667
0 0.479427 0.535185 0.007812 0.012963
