2 0.197656 0.390278 0.035937 0.084259
1 0.352604 0.515741 0.041667 0.127778
1 0.480469 0.409259 0.025521 0.098148
1 0.527083 0.323611 0.028125 0.071296
1 0.467187 0.429630 0.025000 0.096296
1 0.542448 0.362963 0.033854 0.077778
1 0.520833 0.370370 0.013542 0.083333
1 0.521875 0.540278 0.029167 0.126852
1 0.512240 0.385648 0.020313 0.082407
1 0.658854 0.357407 0.032292 0.077778
1 0.774479 0.459259 0.030208 0.103704
1 0.513802 0.728704 0.038021 0.174074
1 0.933073 0.475000 0.024479 0.114815
1 0.775000 0.416667 0.028125 0.090741
0 0.553906 0.419444 0.006771 0.011111
1 0.538021 0.380556 0.018750 0.079630
1 0.146354 0.361111 0.035417 0.083333
