0 0.397656 0.440741 0.005729 0.011111
2 0.538802 0.431944 0.021354 0.095370
1 0.049219 0.581481 0.030729 0.125926
1 0.379948 0.395833 0.021354 0.080556
1 0.798438 0.345833 0.017708 0.075000
1 0.333333 0.356944 0.017708 0.076852
1 0.343490 0.380093 0.020313 0.086111
1 0.732292 0.445833 0.023958 0.099074
1 0.479948 0.404630 0.019271 0.077778
1 0.965625 0.519907 0.029167 0.128704
1 0.639323 0.359259 0.019271 0.077778
1 0.828646 0.556019 0.036458 0.121296
1 0.646094 0.832870 0.039062 0.163889
1 0.404948 0.677778 0.044271 0.116667
1 0.387500 0.478241 0.030208 0.095370
