2 0.892188 0.670833 0.048958 0.136111
2 0.134115 0.305556 0.019271 0.064815
1 0.218490 0.592130 0.028646 0.132407
1 0.411458 0.666204 0.038542 0.141667
1 0.483073 0.607407 0.035937 0.111111
1 0.482031 0.422222 0.028646 0.079630
1 0.144010 0.488426 0.016146 0.115741
1 0.274479 0.443981 0.013542 0.095370
1 0.048177 0.384259 0.017188 0.079630
1 0.641146 0.617130 0.036458 0.134259
1 0.989583 0.495833 0.017708 0.110185
1 0.472135 0.496759 0.036979 0.091667
1 0.634375 0.425926 0.018750 0.090741
1 0.475000 0.415278 0.037500 0.086111
1 0.514583 0.312500 0.013542 0.063889
0 0.521615 0.531944 0.014063 0.012037
