0 0.413021 0.413426 0.005208 0.010185
2 0.162760 0.435185 0.020313 0.103704
1 0.303906 0.354630 0.030729 0.044444
1 0.353906 0.345833 0.035937 0.026852
1 0.127865 0.417130 0.033854 0.082407
1 0.189844 0.414352 0.028646 0.093519
1 0.470573 0.441204 0.028646 0.095370
1 0.452604 0.383796 0.028125 0.073148
1 0.617188 0.518056 0.028125 0.128704
1 0.681250 0.461574 0.027083 0.110185
1 0.389844 0.402315 0.029687 0.082407
1 0.687500 0.507870 0.026042 0.117593
1 0.522396 0.542593 0.040625 0.120370
1 0.436719 0.755093 0.041146 0.152778
1 0.765885 0.570833 0.023438 0.115741
1 0.013542 0.758796 0.027083 0.162037
1 0.491146 0.574074 0.026042 0.124074
1 0.007812 0.608333 0.015625 0.127778
1 0.866406 0.466204 0.021354 0.113889
