1 0.562240 0.712500 0.042188 0.091667
1 0.481250 0.596296 0.033333 0.098148
1 0.034375 0.489815 0.020833 0.096296
1 0.226042 0.584259 0.028125 0.100000
1 0.784115 0.422685 0.021354 0.080556
1 0.639062 0.352778 0.016667 0.064815
1 0.539323 0.570370 0.035937 0.096296
1 0.399219 0.578704 0.028646 0.092593
1 0.430990 0.455093 0.018229 0.086111
1 0.230469 0.344907 0.013021 0.060185
1 0.818750 0.458333 0.018750 0.077778
1 0.572396 0.382870 0.018750 0.071296
1 0.192969 0.370833 0.016146 0.060185
2 0.412760 0.421296 0.018229 0.075926
1 0.351042 0.422685 0.018750 0.078704
1 0.240625 0.631944 0.047917 0.056481
2 0.292448 0.206944 0.010937 0.032407
0 0.749740 0.686111 0.009896 0.018519
1 0.082812 0.460648 0.020833 0.075000
1 0.168490 0.641204 0.042188 0.112037
1 0.082292 0.536574 0.029167 0.089815
1 0.757552 0.698148 0.035937 0.100000
1 0.882292 0.554630 0.034375 0.087037
