1 0.729688 0.568981 0.017708 0.087963
1 0.326823 0.488426 0.024479 0.071296
1 0.469010 0.724074 0.033854 0.100000
1 0.905469 0.520370 0.022396 0.083333
1 0.704427 0.583333 0.017188 0.083333
1 0.673438 0.447685 0.022917 0.065741
1 0.432292 0.413426 0.018750 0.056481
1 0.729427 0.353241 0.017188 0.043519
2 0.831510 0.450000 0.016146 0.070370
1 0.625781 0.428704 0.016146 0.066667
1 0.348698 0.481944 0.017188 0.075000
2 0.337500 0.321296 0.012500 0.038889
0 0.297917 0.467593 0.005208 0.007407
1 0.256510 0.418519 0.021354 0.057407
1 0.361719 0.940278 0.040104 0.117593
