1 0.286979 0.398611 0.036458 0.095370
1 0.301563 0.406019 0.033333 0.080556
2 0.290625 0.342593 0.019792 0.077778
1 0.303646 0.601389 0.035417 0.141667
1 0.526823 0.502315 0.032813 0.121296
1 0.406250 0.408333 0.025000 0.098148
1 0.357031 0.381944 0.025521 0.080556
1 0.613021 0.428241 0.018750 0.089815
1 0.681771 0.430093 0.031250 0.095370
1 0.993229 0.397222 0.012500 0.085185
2 0.815104 0.455093 0.027083 0.102778
1 0.905729 0.543056 0.037500 0.128704
1 0.969531 0.401389 0.022396 0.097222
1 0.654687 0.381481 0.016667 0.075926
0 0.449219 0.345833 0.008854 0.010185
1 0.978646 0.390278 0.017708 0.102778
1 0.996615 0.393056 0.005729 0.069444
1 0.028125 0.472222 0.041667 0.116667
