1 0.926823 0.865741 0.051562 0.201852
1 0.315104 0.516204 0.028125 0.130556
1 0.530469 0.515278 0.022396 0.134259
0 0.402865 0.408796 0.006771 0.010185
1 0.892188 0.593981 0.040625 0.150926
1 0.449479 0.474537 0.025000 0.128704
2 0.761719 0.566667 0.030729 0.155556
1 0.668229 0.473148 0.020833 0.133333
1 0.739844 0.402778 0.035937 0.118519
1 0.804948 0.411574 0.025521 0.112037
1 0.842187 0.358333 0.023958 0.103704
1 0.805729 0.570370 0.032292 0.151852
1 0.174740 0.593056 0.032813 0.145370
1 0.465104 0.375463 0.018750 0.112037
