1 0.831771 0.626852 0.026042 0.114815
1 0.342448 0.623611 0.025521 0.113889
1 0.186198 0.483796 0.021354 0.089815
1 0.491927 0.509722 0.021354 0.086111
1 0.604167 0.640741 0.023958 0.098148
1 0.986979 0.581944 0.025000 0.113889
2 0.693750 0.594907 0.021875 0.100926
1 0.985417 0.499074 0.022917 0.100000
1 0.665625 0.675000 0.020833 0.107407
1 0.712500 0.462037 0.020833 0.083333
1 0.427865 0.426389 0.015104 0.095370
1 0.776823 0.539815 0.022396 0.092593
1 0.741927 0.468056 0.017188 0.084259
0 0.428385 0.380556 0.005729 0.009259
1 0.095573 0.521759 0.026562 0.100926
