1 0.661719 0.528241 0.034896 0.087963
1 0.180208 0.533796 0.025000 0.099074
1 0.215625 0.505093 0.022917 0.089815
1 0.422917 0.573148 0.032292 0.088889
1 0.609115 0.718056 0.038021 0.117593
1 0.487760 0.557407 0.021354 0.090741
2 0.260677 0.559259 0.030729 0.088889
1 0.525781 0.507870 0.038021 0.086111
1 0.465885 0.581481 0.031771 0.083333
1 0.575521 0.494907 0.020833 0.075000
1 0.484115 0.529167 0.021354 0.056481
1 0.418229 0.484722 0.029167 0.080556
0 0.511979 0.607407 0.006250 0.011111
1 0.559115 0.531019 0.026562 0.075000
1 0.743229 0.564352 0.036458 0.099074
1 0.393229 0.988889 0.014583 0.020370
