1 0.049219 0.512963 0.032813 0.125926
1 0.307031 0.420370 0.027604 0.075926
1 0.011198 0.414352 0.016146 0.095370
1 0.234115 0.367593 0.017188 0.081481
2 0.312760 0.443519 0.025521 0.100000
1 0.102865 0.553241 0.032813 0.132407
1 0.368750 0.415278 0.018750 0.087963
1 0.219010 0.385185 0.014063 0.087037
1 0.580729 0.383796 0.013542 0.086111
1 0.447135 0.360648 0.017188 0.082407
1 0.632812 0.388889 0.022917 0.094444
1 0.398177 0.464815 0.021354 0.107407
1 0.684115 0.464352 0.017188 0.108333
1 0.742708 0.578704 0.025000 0.138889
0 0.256250 0.261574 0.011458 0.015741
