1 0.137500 0.985185 0.018750 0.027778
1 0.056771 0.732870 0.040625 0.173148
0 0.589063 0.401389 0.006250 0.010185
1 0.961198 0.606481 0.030729 0.140741
1 0.159115 0.512037 0.031771 0.114815
2 0.124479 0.526389 0.030208 0.128704
1 0.222917 0.438889 0.032292 0.109259
1 0.046354 0.404630 0.023958 0.105556
1 0.223438 0.358796 0.018750 0.069444
1 0.489063 0.407870 0.023958 0.082407
1 0.562500 0.506019 0.028125 0.121296
1 0.464844 0.370370 0.020313 0.079630
1 0.360156 0.382870 0.027604 0.084259
1 0.427344 0.309722 0.021354 0.069444
1 0.913542 0.372685 0.022917 0.087963
1 0.537500 0.461574 0.020833 0.104630
2 0.320833 0.292130 0.018750 0.065741
1 0.706250 0.417593 0.034375 0.088889
