1 0.753646 0.768056 0.023958 0.121296
1 0.717448 0.632407 0.025521 0.098148
1 0.218750 0.587500 0.019792 0.087963
1 0.789844 0.609259 0.025521 0.090741
1 0.352865 0.732407 0.028646 0.114815
1 0.731510 0.455556 0.015104 0.072222
1 0.387240 0.356019 0.011979 0.050926
1 0.925000 0.398148 0.015625 0.062963
1 0.659115 0.332870 0.014063 0.043519
2 0.767448 0.454630 0.017188 0.068519
1 0.682813 0.425000 0.013542 0.066667
1 0.441927 0.481944 0.017188 0.073148
2 0.504167 0.268981 0.008333 0.034259
0 0.304948 0.535185 0.009896 0.020370
1 0.353646 0.365741 0.013542 0.053704
1 0.345052 0.769907 0.028646 0.117593
1 0.141667 0.593056 0.022917 0.097222
1 0.031250 0.379630 0.014583 0.057407
1 0.773177 0.783333 0.035937 0.116667
