1 0.576042 0.518519 0.034375 0.087037
1 0.047917 0.558796 0.029167 0.104630
1 0.094531 0.518056 0.028646 0.097222
1 0.365625 0.578241 0.036458 0.093519
1 0.555208 0.689815 0.038542 0.114815
1 0.457031 0.579167 0.029687 0.108333
2 0.164844 0.572685 0.032813 0.091667
1 0.478646 0.502315 0.028125 0.087963
1 0.405469 0.603241 0.031771 0.093519
1 0.513542 0.481944 0.022917 0.082407
1 0.428646 0.558333 0.023958 0.088889
1 0.319531 0.486111 0.030729 0.085185
0 0.512500 0.587963 0.006250 0.011111
1 0.497917 0.553704 0.021875 0.085185
1 0.633594 0.571759 0.036979 0.082407
1 0.418490 0.976389 0.020313 0.045370
