1 0.772396 0.671296 0.044792 0.133333
1 0.432812 0.630093 0.026042 0.121296
1 0.827083 0.424074 0.021875 0.094444
1 0.657292 0.397685 0.023958 0.089815
1 0.413021 0.538889 0.030208 0.094444
1 0.486458 0.343519 0.019792 0.075926
1 0.670312 0.281481 0.014583 0.072222
1 0.404427 0.577315 0.038021 0.115741
1 0.412500 0.238889 0.013542 0.062963
1 0.250521 0.399074 0.019792 0.092593
1 0.145573 0.211111 0.014063 0.057407
1 0.310937 0.303704 0.012500 0.074074
1 0.194271 0.356481 0.015625 0.085185
1 0.144792 0.466667 0.022917 0.100000
2 0.084115 0.449074 0.024479 0.096296
0 0.756250 0.693519 0.008333 0.014815
