1 0.130208 0.432407 0.016667 0.085185
1 0.007552 0.427778 0.015104 0.085185
2 0.035677 0.370370 0.019271 0.074074
1 0.211979 0.542593 0.028125 0.112963
1 0.470052 0.463889 0.029687 0.087037
1 0.258333 0.425463 0.017708 0.089815
1 0.279687 0.423611 0.015625 0.073148
1 0.692969 0.411574 0.019271 0.065741
1 0.431250 0.425000 0.021875 0.077778
1 0.666146 0.380093 0.013542 0.071296
2 0.640365 0.444444 0.026562 0.079630
1 0.493490 0.479167 0.023438 0.095370
1 0.703385 0.428241 0.019271 0.076852
1 0.629427 0.383796 0.015104 0.071296
1 0.334896 0.387500 0.018750 0.069444
1 0.956510 0.398148 0.017188 0.081481
1 0.816406 0.386111 0.017188 0.079630
1 0.969531 0.413889 0.024479 0.088889
1 0.740885 0.458333 0.033854 0.083333
1 0.986198 0.463426 0.020313 0.093519
0 0.514062 0.385648 0.007292 0.010185
