1 0.833594 0.581019 0.024479 0.078704
1 0.318750 0.481481 0.022917 0.066667
1 0.346354 0.660648 0.033333 0.087963
1 0.967187 0.529630 0.019792 0.070370
1 0.721094 0.574074 0.030729 0.075926
1 0.689844 0.451389 0.018229 0.063889
1 0.435417 0.422685 0.015625 0.058333
1 0.766667 0.357870 0.010417 0.043519
2 0.941667 0.467593 0.023958 0.066667
1 0.710417 0.443056 0.017708 0.065741
1 0.512500 0.474074 0.018750 0.068519
2 0.420052 0.333333 0.011979 0.037037
0 0.139583 0.478704 0.005208 0.007407
1 0.400260 0.420370 0.019271 0.053704
1 0.410156 0.920833 0.040104 0.137963
1 0.021354 0.568519 0.022917 0.088889
