0 0.397917 0.462500 0.006250 0.010185
2 0.523177 0.450926 0.021354 0.098148
1 0.203906 0.639352 0.030729 0.136111
1 0.285677 0.381944 0.019271 0.060185
1 0.358073 0.381944 0.023438 0.084259
1 0.392188 0.437500 0.034375 0.084259
1 0.433073 0.435648 0.034896 0.086111
1 0.687500 0.453704 0.018750 0.101852
1 0.770573 0.406019 0.017188 0.087963
1 0.759115 0.474074 0.027604 0.112963
1 0.905208 0.438426 0.021875 0.104630
1 0.810937 0.428241 0.026042 0.095370
1 0.732292 0.550926 0.032292 0.122222
1 0.892448 0.714352 0.059896 0.123148
1 0.889844 0.757407 0.045312 0.151852
1 0.612500 0.635648 0.048958 0.134259
1 0.044792 0.667130 0.032292 0.147222
