1 0.730990 0.853241 0.041146 0.199074
1 0.272656 0.487963 0.029687 0.125926
1 0.498177 0.514352 0.020313 0.132407
0 0.362240 0.355093 0.006771 0.010185
1 0.739583 0.561111 0.029167 0.140741
1 0.405469 0.446759 0.028646 0.125000
2 0.629948 0.571759 0.031771 0.154630
1 0.558594 0.455556 0.020313 0.129630
1 0.600260 0.407870 0.025521 0.119444
1 0.737760 0.400926 0.021354 0.107407
1 0.923698 0.486111 0.026562 0.124074
1 0.729167 0.354630 0.018750 0.103704
1 0.557031 0.515741 0.035937 0.135185
1 0.213542 0.522222 0.025000 0.131481
1 0.449740 0.390741 0.017188 0.116667
