2 0.179427 0.416667 0.027604 0.077778
2 0.115365 0.212963 0.011979 0.040741
1 0.430208 0.542130 0.032292 0.095370
1 0.624740 0.498148 0.026562 0.100000
1 0.640365 0.392130 0.024479 0.080556
1 0.465365 0.313889 0.017188 0.062963
1 0.149740 0.407870 0.032813 0.082407
1 0.476042 0.392593 0.022917 0.075926
1 0.076823 0.292130 0.022396 0.050926
1 0.030469 0.780556 0.060937 0.137037
1 0.620833 0.421296 0.025000 0.087037
1 0.215365 0.337037 0.024479 0.061111
1 0.067708 0.301389 0.021875 0.050926
1 0.360938 0.237500 0.013542 0.043519
0 0.443750 0.843056 0.009375 0.021296
1 0.655729 0.278241 0.013542 0.058333
1 0.466146 0.807870 0.048958 0.145370
1 0.788802 0.364815 0.018229 0.079630
1 0.925521 0.495370 0.021875 0.101852
