2 0.174479 0.548611 0.025000 0.112037
1 0.004687 0.621759 0.009375 0.119444
1 0.026042 0.509259 0.041667 0.111111
1 0.348958 0.501852 0.023958 0.112963
1 0.304427 0.477778 0.020313 0.109259
1 0.182812 0.478241 0.021875 0.112037
1 0.088281 0.613426 0.029687 0.139815
1 0.104427 0.502315 0.026562 0.113889
1 0.208073 0.506019 0.025521 0.123148
1 0.670312 0.469907 0.029167 0.108333
1 0.469792 0.538426 0.023958 0.123148
1 0.613021 0.590278 0.021875 0.132407
1 0.135677 0.468056 0.028646 0.102778
0 0.776823 0.750000 0.010937 0.018519
1 0.150000 0.450000 0.018750 0.101852
