1 0.841667 0.755093 0.031250 0.143519
1 0.531510 0.655556 0.029687 0.125926
1 0.866146 0.412500 0.027083 0.091667
1 0.793750 0.348611 0.018750 0.078704
1 0.661979 0.506481 0.023958 0.098148
1 0.619792 0.347685 0.020833 0.080556
1 0.708594 0.289352 0.017188 0.075000
1 0.653906 0.572222 0.034896 0.112963
1 0.493750 0.243981 0.013542 0.063889
1 0.350000 0.348148 0.015625 0.079630
1 0.276042 0.204630 0.011458 0.053704
1 0.380990 0.285185 0.018229 0.070370
1 0.229687 0.337963 0.020833 0.077778
1 0.170833 0.457870 0.034375 0.091667
2 0.158594 0.410185 0.023438 0.090741
0 0.838281 0.765741 0.007812 0.018519
1 0.029948 0.273611 0.020313 0.058333
2 0.068229 0.156481 0.014583 0.040741
