1 0.678125 0.705093 0.028125 0.075000
1 0.681250 0.511111 0.016667 0.072222
1 0.869531 0.532407 0.027604 0.090741
1 0.749219 0.325463 0.015104 0.062037
1 0.305990 0.463889 0.017188 0.081481
1 0.495312 0.269907 0.015625 0.058333
1 0.294792 0.283333 0.012500 0.057407
1 0.319010 0.168519 0.013021 0.055556
1 0.538802 0.721296 0.029687 0.085185
1 0.659635 0.695833 0.027604 0.075000
1 0.811719 0.565278 0.028646 0.086111
1 0.293229 0.579630 0.016667 0.088889
2 0.177604 0.455556 0.016667 0.075926
1 0.072135 0.324537 0.022396 0.073148
1 0.183333 0.242130 0.011458 0.058333
2 0.145052 0.124074 0.014063 0.046296
1 0.317969 0.459259 0.015104 0.075926
1 0.674479 0.279167 0.013542 0.063889
0 0.673177 0.752778 0.007812 0.012963
