1 0.285417 0.509259 0.029167 0.116667
1 0.189323 0.427315 0.023438 0.082407
1 0.172917 0.412500 0.023958 0.080556
1 0.346875 0.437500 0.018750 0.093519
1 0.433073 0.427315 0.020313 0.093519
1 0.612240 0.377315 0.023438 0.078704
2 0.515625 0.445370 0.025000 0.096296
1 0.603125 0.543519 0.022917 0.127778
1 0.628646 0.410185 0.022917 0.088889
1 0.631771 0.390741 0.019792 0.085185
1 0.351562 0.379630 0.017708 0.072222
0 0.481771 0.307870 0.012500 0.012037
1 0.615365 0.380556 0.010937 0.075926
1 0.625781 0.369907 0.014063 0.073148
1 0.969271 0.413426 0.025000 0.095370
