1 0.701302 0.284259 0.027604 0.079630
0 0.067448 0.484722 0.008854 0.010185
2 0.696094 0.462037 0.019271 0.116667
1 0.304948 0.428241 0.022396 0.104630
1 0.523958 0.570370 0.032292 0.120370
1 0.830729 0.759722 0.041667 0.191667
1 0.908073 0.544907 0.030729 0.139815
1 0.765625 0.389352 0.023958 0.099074
1 0.871875 0.312963 0.017708 0.081481
1 0.062240 0.502778 0.026562 0.116667
1 0.894271 0.320833 0.015625 0.076852
1 0.785937 0.343056 0.016667 0.071296
1 0.827865 0.507870 0.035937 0.119444
1 0.481771 0.474537 0.043750 0.115741
1 0.709375 0.749537 0.041667 0.171296
1 0.635677 0.361574 0.021354 0.093519
1 0.657292 0.425926 0.026042 0.103704
