1 0.672917 0.702315 0.021875 0.089815
1 0.652344 0.550463 0.024479 0.076852
1 0.846354 0.530556 0.039583 0.085185
1 0.725781 0.320833 0.013021 0.060185
1 0.296875 0.458333 0.021875 0.077778
1 0.491406 0.281944 0.013021 0.058333
1 0.306250 0.274537 0.012500 0.056481
1 0.336979 0.175926 0.014583 0.055556
1 0.539583 0.746296 0.022917 0.100000
1 0.599479 0.629630 0.027083 0.064815
1 0.802604 0.559722 0.020833 0.086111
1 0.286198 0.592130 0.019271 0.087963
2 0.176563 0.448611 0.016667 0.075000
1 0.067708 0.330093 0.018750 0.071296
1 0.212240 0.248148 0.013021 0.057407
2 0.141406 0.133796 0.015104 0.045370
1 0.305990 0.448611 0.016146 0.071296
1 0.662500 0.268056 0.013542 0.056481
0 0.658073 0.730556 0.007812 0.012963
