1 0.790885 0.571759 0.034896 0.093519
1 0.428906 0.476852 0.022396 0.087037
1 0.125000 0.563889 0.022917 0.096296
1 0.416406 0.474537 0.019271 0.089815
1 0.486458 0.536111 0.029167 0.075926
1 0.751563 0.776389 0.032292 0.121296
1 0.594010 0.483796 0.022396 0.078704
2 0.409635 0.567593 0.032813 0.090741
1 0.778385 0.484722 0.022396 0.062037
1 0.530729 0.574074 0.034375 0.085185
1 0.775000 0.495833 0.021875 0.056481
1 0.169531 0.431481 0.018229 0.085185
1 0.628646 0.505093 0.034375 0.073148
1 0.552344 0.489815 0.035937 0.077778
0 0.663281 0.527315 0.005729 0.010185
1 0.036198 0.487037 0.020313 0.096296
1 0.783854 0.541204 0.026042 0.078704
1 0.850260 0.601389 0.039062 0.099074
