1 0.561719 0.888426 0.057813 0.150926
1 0.503646 0.580093 0.022917 0.115741
1 0.475000 0.561111 0.037500 0.105556
1 0.653646 0.702315 0.035417 0.132407
1 0.899219 0.329167 0.015104 0.075000
1 0.794010 0.463426 0.025521 0.095370
1 0.740365 0.557870 0.039062 0.063889
1 0.557813 0.387500 0.016667 0.080556
1 0.501563 0.335648 0.027083 0.060185
1 0.530729 0.469907 0.026042 0.091667
1 0.552865 0.315741 0.024479 0.059259
1 0.505729 0.278241 0.015625 0.050926
2 0.480990 0.357870 0.017188 0.075000
1 0.350000 0.390741 0.016667 0.087037
1 0.136458 0.464352 0.014583 0.100926
2 0.108594 0.254167 0.014063 0.054630
0 0.326302 0.497685 0.011979 0.010185
