1 0.833073 0.864352 0.032813 0.158333
1 0.524740 0.545833 0.028646 0.110185
1 0.890104 0.483796 0.037500 0.097222
1 0.772656 0.431944 0.028646 0.091667
1 0.380469 0.744907 0.036979 0.136111
1 0.497396 0.436574 0.022917 0.091667
1 0.671875 0.332870 0.017708 0.075000
1 0.284635 0.631019 0.026562 0.126852
1 0.208594 0.323148 0.018229 0.074074
1 0.078906 0.434722 0.025521 0.095370
1 0.100521 0.268519 0.015625 0.061111
1 0.268750 0.332407 0.016667 0.079630
1 0.146354 0.397222 0.025000 0.092593
1 0.064844 0.512037 0.029687 0.112963
2 0.021615 0.539815 0.026562 0.112963
0 0.644792 0.360648 0.005208 0.008333
