1 0.650260 0.464815 0.032813 0.101852
1 0.845573 0.408333 0.020313 0.103704
1 0.409896 0.654630 0.036458 0.138889
1 0.878125 0.423611 0.027083 0.100926
1 0.719792 0.359259 0.022917 0.087037
1 0.489583 0.599537 0.026042 0.134259
1 0.246354 0.318519 0.032292 0.072222
1 0.323437 0.407870 0.026042 0.075000
1 0.542448 0.269907 0.018229 0.067593
1 0.287240 0.320833 0.029687 0.080556
1 0.416146 0.375926 0.029167 0.079630
1 0.310937 0.434259 0.032292 0.088889
2 0.313021 0.535185 0.031250 0.120370
0 0.482812 0.425000 0.010417 0.011111
1 0.098958 0.360648 0.033333 0.086111
1 0.422917 0.277778 0.019792 0.062963
2 0.237500 0.249074 0.019792 0.059259
