1 0.016927 0.768519 0.033854 0.170370
0 0.550521 0.392593 0.005208 0.009259
1 0.127865 0.556019 0.023438 0.125000
2 0.148958 0.586111 0.035417 0.142593
1 0.324740 0.480556 0.041146 0.107407
1 0.056771 0.447685 0.033333 0.108333
1 0.416667 0.381019 0.019792 0.069444
1 0.501042 0.442130 0.023958 0.089815
1 0.657813 0.564352 0.025000 0.130556
1 0.463802 0.402778 0.024479 0.087037
1 0.379167 0.419907 0.019792 0.078704
1 0.576042 0.364352 0.022917 0.073148
1 0.608073 0.523611 0.029687 0.113889
2 0.371354 0.334722 0.019792 0.071296
1 0.941146 0.485185 0.022917 0.118519
