0 0.388021 0.357870 0.005208 0.010185
2 0.430208 0.419907 0.021875 0.095370
1 0.382031 0.332407 0.017188 0.064815
1 0.427344 0.339815 0.025521 0.074074
1 0.310156 0.381481 0.026562 0.085185
1 0.425781 0.379167 0.028646 0.089815
1 0.642188 0.418056 0.020833 0.091667
1 0.661979 0.367593 0.020833 0.074074
1 0.737240 0.486111 0.031771 0.116667
1 0.857292 0.437500 0.025000 0.102778
1 0.633854 0.376852 0.020833 0.085185
1 0.968750 0.494907 0.027083 0.112037
1 0.634115 0.525000 0.032813 0.112963
1 0.502865 0.741667 0.040104 0.148148
1 0.294010 0.681944 0.035937 0.139815
1 0.770833 0.551852 0.028125 0.114815
1 0.352083 0.565278 0.027083 0.117593
