1 0.029427 0.749537 0.040104 0.167593
0 0.517969 0.377315 0.006771 0.010185
1 0.136458 0.531944 0.026042 0.121296
2 0.126562 0.552778 0.025000 0.133333
1 0.288802 0.460648 0.032813 0.106481
1 0.069531 0.424074 0.033854 0.100000
1 0.282031 0.367593 0.019271 0.072222
1 0.499479 0.420370 0.026042 0.085185
1 0.591667 0.531481 0.029167 0.124074
1 0.473958 0.385185 0.023958 0.081481
1 0.386719 0.407407 0.028646 0.077778
1 0.488281 0.331481 0.016146 0.072222
1 0.964323 0.395833 0.015104 0.095370
1 0.559375 0.487963 0.028125 0.107407
2 0.337240 0.309259 0.016146 0.070370
1 0.780729 0.442130 0.027083 0.104630
