1 0.296094 0.679167 0.041146 0.130556
1 0.860938 0.712037 0.039583 0.116667
1 0.726042 0.523611 0.028125 0.086111
1 0.804427 0.402778 0.019271 0.083333
1 0.801302 0.331944 0.017188 0.069444
1 0.786719 0.360185 0.017188 0.075926
1 0.748698 0.371296 0.015104 0.075926
1 0.708073 0.317130 0.017188 0.076852
1 0.644010 0.423148 0.022396 0.075926
1 0.457031 0.262037 0.010937 0.062963
1 0.408073 0.312500 0.025521 0.073148
1 0.333333 0.710648 0.036458 0.126852
1 0.283073 0.251389 0.019271 0.060185
1 0.465625 0.284722 0.026042 0.067593
1 0.340104 0.361111 0.022917 0.081481
1 0.322396 0.478704 0.034375 0.101852
2 0.345573 0.314815 0.019271 0.070370
0 0.773438 0.755093 0.010417 0.015741
1 0.114062 0.395370 0.026042 0.087037
1 0.088281 0.420833 0.042188 0.084259
1 0.145573 0.319444 0.023438 0.062963
2 0.008333 0.184722 0.016667 0.043519
