1 0.980729 0.873611 0.037500 0.195370
1 0.326823 0.526389 0.030729 0.136111
1 0.533594 0.513889 0.019271 0.131481
0 0.410677 0.406944 0.006771 0.010185
1 0.932552 0.603241 0.045312 0.154630
1 0.465365 0.482407 0.026562 0.133333
2 0.804167 0.567130 0.035417 0.154630
1 0.702344 0.481481 0.028646 0.140741
1 0.779948 0.403241 0.035937 0.115741
1 0.828646 0.415741 0.028125 0.112963
1 0.884375 0.359259 0.029167 0.101852
1 0.881250 0.597222 0.044792 0.161111
1 0.156250 0.618519 0.031250 0.157407
1 0.446875 0.372685 0.023958 0.106481
