0 0.027604 0.565741 0.007292 0.011111
2 0.625781 0.425463 0.019271 0.113889
1 0.125521 0.557407 0.026042 0.116667
1 0.608073 0.437037 0.024479 0.094444
1 0.632552 0.383333 0.024479 0.075926
1 0.469792 0.399537 0.018750 0.086111
1 0.377865 0.447222 0.022396 0.100000
1 0.709635 0.445370 0.025521 0.096296
1 0.404687 0.503241 0.021875 0.030556
1 0.870573 0.505556 0.024479 0.116667
1 0.913802 0.478241 0.026562 0.110185
1 0.623698 0.390278 0.017188 0.080556
1 0.936979 0.549074 0.023958 0.118519
1 0.580990 0.566204 0.031771 0.123148
1 0.265365 0.841204 0.048438 0.163889
1 0.291406 0.727778 0.044271 0.146296
1 0.897656 0.579167 0.027604 0.117593
1 0.484115 0.450000 0.020313 0.098148
1 0.039844 0.527315 0.032813 0.108333
