1 0.241406 0.429167 0.022396 0.093519
1 0.263021 0.420370 0.050000 0.085185
2 0.239583 0.327315 0.021875 0.071296
1 0.345052 0.534722 0.034896 0.119444
1 0.539844 0.428704 0.019271 0.092593
1 0.471354 0.416667 0.021875 0.079630
1 0.391146 0.495833 0.039583 0.110185
1 0.684375 0.415278 0.014583 0.093519
1 0.717708 0.411111 0.030208 0.092593
1 0.915104 0.379167 0.029167 0.087963
2 0.582552 0.414815 0.022396 0.094444
1 0.692187 0.477315 0.032292 0.113889
1 0.505729 0.439815 0.050000 0.059259
1 0.848958 0.373611 0.030208 0.086111
1 0.408333 0.376389 0.017708 0.082407
1 0.091927 0.468056 0.022396 0.113889
1 0.802344 0.477315 0.038021 0.106481
1 0.990885 0.693056 0.017188 0.163889
0 0.434896 0.449537 0.007292 0.012037
