0 0.220312 0.793056 0.011458 0.019444
2 0.195573 0.341667 0.013021 0.088889
1 0.892188 0.346759 0.027083 0.076852
1 0.321354 0.476852 0.025000 0.112963
1 0.347917 0.333796 0.015625 0.076852
1 0.394531 0.351852 0.016146 0.087037
1 0.374219 0.340278 0.019271 0.084259
1 0.469792 0.378704 0.012500 0.096296
1 0.484896 0.391204 0.014583 0.093519
1 0.490365 0.404630 0.020313 0.098148
1 0.475781 0.581481 0.013021 0.133333
1 0.471354 0.437500 0.022917 0.097222
1 0.584635 0.447222 0.022396 0.103704
1 0.473438 0.425000 0.018750 0.100000
1 0.192188 0.558796 0.020833 0.130556
1 0.302344 0.323611 0.017188 0.086111
1 0.325000 0.337037 0.018750 0.085185
1 0.439844 0.356019 0.022396 0.086111
1 0.464062 0.372222 0.017708 0.096296
1 0.431771 0.458796 0.019792 0.106481
1 0.242448 0.423611 0.022396 0.108333
1 0.080990 0.617593 0.033854 0.133333
