1 0.585417 0.579630 0.028125 0.116667
1 0.787500 0.658796 0.030208 0.126852
1 0.583594 0.604167 0.023438 0.110185
1 0.532813 0.577778 0.022917 0.109259
1 0.865885 0.589815 0.025521 0.105556
1 0.542708 0.630556 0.028125 0.124074
1 0.452083 0.629630 0.022917 0.116667
1 0.432552 0.642130 0.025521 0.121296
1 0.864323 0.390741 0.011979 0.075926
2 0.792708 0.387037 0.011458 0.064815
0 0.779167 0.423148 0.004167 0.007407
1 0.754687 0.577315 0.021875 0.108333
1 0.660937 0.641204 0.020833 0.117593
1 0.510417 0.620370 0.021875 0.120370
1 0.538542 0.574074 0.013542 0.111111
1 0.545573 0.600463 0.024479 0.117593
1 0.371354 0.611574 0.023958 0.115741
2 0.504167 0.662500 0.026042 0.125000
1 0.486458 0.582407 0.032292 0.112963
1 0.372917 0.515741 0.023958 0.085185
1 0.350521 0.596296 0.018750 0.109259
1 0.251042 0.529630 0.030208 0.092593
1 0.185938 0.531019 0.018750 0.099074
