1 0.251563 0.444907 0.023958 0.115741
1 0.315365 0.447222 0.022396 0.098148
1 0.530208 0.424537 0.034375 0.108333
1 0.484635 0.458796 0.040104 0.063889
1 0.665365 0.430093 0.024479 0.097222
1 0.971094 0.314815 0.030729 0.077778
2 0.987500 0.295370 0.016667 0.083333
0 0.505729 0.622685 0.009375 0.021296
2 0.838281 0.568519 0.022396 0.144444
1 0.644271 0.592593 0.038542 0.105556
1 0.982552 0.660185 0.033854 0.112963
1 0.244792 0.510185 0.040625 0.109259
1 0.629427 0.501389 0.034896 0.115741
1 0.416927 0.481019 0.024479 0.117593
1 0.440625 0.450463 0.032292 0.123148
1 0.662760 0.447685 0.029687 0.095370
1 0.425260 0.438889 0.026562 0.111111
1 0.469010 0.445833 0.025521 0.117593
1 0.256771 0.519907 0.038542 0.126852
