0 0.748958 0.581019 0.011458 0.019444
1 0.372135 0.438889 0.020313 0.094444
1 0.443750 0.755556 0.037500 0.148148
1 0.446875 0.645370 0.033333 0.129630
2 0.083333 0.500000 0.026042 0.100000
1 0.611458 0.404167 0.028125 0.089815
1 0.389323 0.597685 0.032813 0.117593
1 0.013021 0.630093 0.026042 0.136111
1 0.289844 0.394907 0.020313 0.076852
1 0.437240 0.478241 0.024479 0.112037
1 0.501302 0.662500 0.039062 0.113889
1 0.397917 0.703704 0.046875 0.140741
1 0.343750 0.529167 0.028125 0.113889
1 0.170052 0.443981 0.026562 0.084259
1 0.035156 0.575000 0.039062 0.114815
1 0.344271 0.428241 0.022917 0.087963
1 0.768750 0.584259 0.044792 0.096296
1 0.330729 0.429167 0.023958 0.093519
1 0.418750 0.482870 0.019792 0.099074
1 0.005729 0.474537 0.011458 0.091667
