0 0.614844 0.697222 0.013021 0.024074
1 0.500260 0.544907 0.032813 0.113889
1 0.615365 0.776389 0.027604 0.182407
1 0.169531 0.584259 0.033854 0.116667
2 0.406510 0.446759 0.024479 0.087963
1 0.668490 0.304630 0.011979 0.059259
1 0.421354 0.595370 0.026042 0.107407
1 0.413281 0.389352 0.011979 0.069444
1 0.719010 0.580093 0.029687 0.119444
1 0.203906 0.571759 0.032813 0.108333
1 0.650781 0.612037 0.039062 0.105556
1 0.455208 0.599074 0.041667 0.122222
1 0.188802 0.404630 0.018229 0.074074
1 0.301302 0.475463 0.027604 0.089815
1 0.457292 0.372685 0.016667 0.071296
1 0.765365 0.552315 0.024479 0.097222
1 0.681510 0.534259 0.027604 0.111111
1 0.586719 0.407407 0.024479 0.079630
