0 0.217708 0.792130 0.011458 0.019444
2 0.186979 0.344907 0.017708 0.087963
1 0.907031 0.340741 0.016146 0.083333
1 0.256510 0.534259 0.026562 0.125926
1 0.339323 0.328704 0.015104 0.077778
1 0.382812 0.344907 0.019792 0.084259
1 0.360677 0.335648 0.019271 0.084259
1 0.445573 0.372222 0.017188 0.094444
1 0.457031 0.381019 0.018229 0.089815
1 0.492188 0.401852 0.020833 0.098148
1 0.472656 0.578704 0.020313 0.133333
1 0.542188 0.462500 0.028125 0.106481
1 0.558594 0.442130 0.021354 0.102778
1 0.468490 0.423611 0.018229 0.102778
1 0.179167 0.571296 0.032292 0.131481
1 0.302865 0.323611 0.018229 0.086111
1 0.344531 0.351389 0.018229 0.089815
1 0.403906 0.348148 0.016146 0.088889
1 0.458073 0.362963 0.016146 0.090741
1 0.516667 0.484259 0.027083 0.109259
1 0.127604 0.453241 0.031250 0.113889
