1 0.929167 0.603704 0.023958 0.109259
1 0.691667 0.529630 0.021875 0.085185
1 0.498698 0.594907 0.019271 0.097222
1 0.470313 0.477778 0.018750 0.074074
1 0.619271 0.488889 0.026042 0.070370
1 0.295312 0.561574 0.026042 0.095370
1 0.893490 0.718519 0.031771 0.118519
1 0.162240 0.519907 0.022396 0.084259
0 0.381771 0.487963 0.005208 0.009259
1 0.648438 0.454630 0.013542 0.068519
1 0.470313 0.509722 0.016667 0.076852
1 0.135677 0.525926 0.018229 0.092593
1 0.389323 0.456944 0.019271 0.073148
1 0.878125 0.619907 0.019792 0.112037
2 0.330208 0.586111 0.036458 0.100000
1 0.363542 0.570370 0.025000 0.101852
1 0.004948 0.497685 0.009896 0.080556
1 0.503906 0.540278 0.025521 0.087963
