1 0.537240 0.472222 0.026562 0.087037
1 0.367188 0.518056 0.029167 0.099074
1 0.653385 0.456481 0.023438 0.087037
1 0.610938 0.421759 0.017708 0.075000
1 0.532031 0.709722 0.044271 0.149074
1 0.221354 0.533796 0.044792 0.110185
1 0.686719 0.575000 0.026562 0.107407
1 0.845052 0.495370 0.021354 0.094444
1 0.741146 0.457407 0.022917 0.088889
1 0.596875 0.475000 0.020833 0.096296
2 0.620313 0.558796 0.031250 0.113889
2 0.054688 0.410648 0.028125 0.075000
0 0.392969 0.421296 0.009896 0.014815
1 0.504948 0.545833 0.028646 0.102778
1 0.866146 0.503704 0.026042 0.103704
1 0.989583 0.543981 0.019792 0.108333
1 0.993229 0.615741 0.012500 0.075926
