1 0.826302 0.637963 0.038021 0.133333
1 0.726562 0.541667 0.033333 0.103704
1 0.827865 0.516667 0.024479 0.105556
1 0.310677 0.456481 0.023438 0.085185
1 0.851302 0.574074 0.038021 0.118519
1 0.244531 0.587037 0.029687 0.111111
1 0.791406 0.479630 0.025521 0.085185
1 0.316406 0.542593 0.028646 0.107407
1 0.153646 0.518056 0.021875 0.102778
1 0.347917 0.501389 0.027083 0.102778
1 0.246875 0.484259 0.027083 0.100000
1 0.459375 0.489352 0.019792 0.097222
1 0.647656 0.563889 0.025521 0.112963
1 0.428906 0.450463 0.021354 0.089815
1 0.179688 0.539815 0.021875 0.109259
2 0.435156 0.492130 0.019271 0.100926
1 0.344010 0.474074 0.021354 0.098148
2 0.516146 0.349074 0.011458 0.059259
1 0.757292 0.548148 0.035417 0.109259
