1 0.161458 0.607407 0.044792 0.101852
1 0.800000 0.529630 0.027083 0.111111
1 0.841667 0.415278 0.032292 0.073148
1 0.711198 0.477315 0.029687 0.086111
1 0.780729 0.432407 0.021875 0.075926
1 0.705990 0.422685 0.022396 0.084259
1 0.591146 0.458796 0.026042 0.086111
1 0.371615 0.519907 0.024479 0.099074
1 0.355990 0.516667 0.018229 0.098148
1 0.645052 0.466204 0.036979 0.087963
1 0.618229 0.457870 0.033333 0.082407
1 0.669010 0.440741 0.026562 0.094444
1 0.686198 0.449074 0.021354 0.088889
1 0.741406 0.429630 0.025521 0.085185
1 0.830729 0.495370 0.025000 0.100000
1 0.711979 0.468519 0.028125 0.079630
1 0.820833 0.421759 0.030208 0.073148
2 0.721615 0.544444 0.031771 0.112963
1 0.589323 0.432870 0.028646 0.065741
0 0.217708 0.594907 0.016667 0.023148
