1 0.373437 0.627778 0.022917 0.109259
0 0.388802 0.650926 0.008854 0.014815
1 0.299479 0.433333 0.015625 0.068519
1 0.089583 0.409722 0.017708 0.069444
2 0.141146 0.275926 0.007292 0.033333
1 0.219531 0.331019 0.010937 0.049074
1 0.453125 0.264815 0.008333 0.037037
1 0.585677 0.356481 0.010937 0.057407
1 0.566927 0.351852 0.015104 0.057407
1 0.629948 0.311111 0.011979 0.046296
1 0.687240 0.376389 0.016146 0.054630
1 0.858854 0.425463 0.015625 0.067593
1 0.766406 0.744444 0.027604 0.127778
1 0.353646 0.500926 0.022917 0.081481
1 0.670312 0.334259 0.012500 0.050000
2 0.535156 0.381019 0.014063 0.063889
1 0.539583 0.476389 0.016667 0.086111
1 0.740885 0.721759 0.036979 0.117593
1 0.740625 0.612037 0.025000 0.103704
1 0.683333 0.333796 0.011458 0.049074
1 0.600260 0.960648 0.035937 0.076852
1 0.833854 0.425000 0.018750 0.070370
1 0.809115 0.400463 0.018229 0.063889
1 0.931250 0.540741 0.021875 0.085185
1 0.949740 0.328704 0.011979 0.044444
