1 0.051042 0.650000 0.027083 0.122222
1 0.202604 0.443519 0.019792 0.081481
1 0.497656 0.877778 0.031771 0.164815
1 0.620313 0.501852 0.018750 0.088889
1 0.505208 0.404167 0.018750 0.063889
1 0.856250 0.378704 0.011458 0.062963
0 0.503646 0.431019 0.005208 0.008333
1 0.488281 0.475463 0.030729 0.087963
1 0.583854 0.571296 0.022917 0.107407
1 0.747396 0.412500 0.015625 0.071296
1 0.908854 0.743056 0.038542 0.128704
2 0.304167 0.365278 0.014583 0.056481
2 0.998177 0.543056 0.002604 0.023148
1 0.939583 0.460185 0.014583 0.083333
1 0.974740 0.488889 0.023438 0.083333
1 0.992188 0.418056 0.014583 0.069444
