1 0.054427 0.606019 0.022396 0.113889
1 0.356250 0.561574 0.022917 0.099074
1 0.305208 0.464815 0.019792 0.077778
1 0.424740 0.503704 0.011979 0.094444
1 0.526563 0.461111 0.020833 0.083333
1 0.592448 0.521296 0.018229 0.081481
1 0.668750 0.487037 0.019792 0.088889
1 0.680469 0.693519 0.031771 0.131481
1 0.773958 0.532870 0.019792 0.104630
1 0.889062 0.595370 0.026042 0.107407
1 0.086458 0.451389 0.017708 0.082407
1 0.248438 0.644907 0.031250 0.125000
1 0.323437 0.638889 0.031250 0.112963
1 0.206250 0.520833 0.022917 0.087963
1 0.380208 0.562037 0.022917 0.096296
1 0.380469 0.879167 0.030729 0.162037
1 0.590365 0.561574 0.030729 0.106481
1 0.487240 0.450926 0.017188 0.081481
1 0.709115 0.524537 0.023438 0.108333
2 0.272917 0.544907 0.023958 0.102778
0 0.267188 0.549537 0.006250 0.012037
