1 0.041406 0.650463 0.030729 0.123148
1 0.186198 0.442593 0.019271 0.085185
1 0.512500 0.887037 0.031250 0.162963
1 0.620313 0.494907 0.026042 0.086111
1 0.498437 0.405556 0.018750 0.062963
1 0.853385 0.377315 0.015104 0.060185
0 0.497135 0.432870 0.005729 0.008333
1 0.506510 0.471296 0.030729 0.090741
1 0.583073 0.565741 0.021354 0.103704
1 0.739323 0.407870 0.016146 0.067593
1 0.945052 0.737963 0.033854 0.131481
2 0.283333 0.366204 0.010417 0.056481
2 0.997656 0.531481 0.003646 0.038889
1 0.922917 0.454630 0.014583 0.083333
1 0.943229 0.481481 0.016667 0.077778
1 0.991146 0.416204 0.016667 0.073148
