1 0.406510 0.536574 0.019271 0.108333
1 0.731771 0.694444 0.055208 0.125926
1 0.491927 0.505093 0.019271 0.100926
1 0.680208 0.454630 0.025000 0.094444
1 0.855729 0.570833 0.043750 0.100926
1 0.553646 0.479167 0.025000 0.102778
1 0.239063 0.714815 0.032292 0.142593
1 0.258073 0.537037 0.024479 0.105556
1 0.820052 0.413426 0.023438 0.086111
2 0.867188 0.329630 0.017708 0.061111
0 0.694792 0.502315 0.010417 0.019444
1 0.804948 0.545370 0.028646 0.103704
1 0.457031 0.595370 0.032813 0.107407
1 0.395833 0.563889 0.034375 0.096296
1 0.602344 0.490741 0.030729 0.105556
1 0.424740 0.822685 0.052604 0.171296
1 0.165104 0.581481 0.032292 0.109259
2 0.189844 0.627315 0.031771 0.121296
1 0.593229 0.450000 0.027083 0.090741
1 0.454688 0.488426 0.029167 0.110185
1 0.349740 0.498148 0.025521 0.088889
1 0.165104 0.439815 0.036458 0.090741
1 0.331771 0.514352 0.018750 0.082407
