1 0.848958 0.594907 0.020833 0.093519
0 0.678906 0.483796 0.005729 0.012037
1 0.380729 0.487500 0.025000 0.076852
1 0.272396 0.938889 0.041667 0.120370
2 0.305729 0.554167 0.021875 0.093519
1 0.311198 0.493519 0.017188 0.075926
1 0.738542 0.566667 0.032292 0.074074
1 0.573958 0.448611 0.019792 0.063889
1 0.566667 0.486574 0.021875 0.076852
1 0.544531 0.506944 0.024479 0.076852
1 0.494792 0.548148 0.029167 0.092593
1 0.659635 0.560185 0.017188 0.096296
1 0.823177 0.632407 0.025521 0.101852
1 0.423438 0.591667 0.020833 0.100000
1 0.675781 0.482407 0.018229 0.053704
1 0.375000 0.842130 0.043750 0.141667
1 0.202344 0.445833 0.018229 0.073148
