1 0.991406 0.390278 0.016146 0.091667
1 0.651302 0.420833 0.024479 0.100926
1 0.496615 0.325000 0.018229 0.070370
1 0.217708 0.705093 0.037500 0.139815
1 0.538802 0.544444 0.027604 0.124074
1 0.078906 0.514352 0.035937 0.123148
1 0.130990 0.362963 0.016146 0.087037
1 0.727865 0.409259 0.024479 0.096296
1 0.925521 0.536111 0.032292 0.118519
1 0.392969 0.655556 0.031771 0.133333
1 0.682813 0.344907 0.013542 0.082407
1 0.226562 0.402315 0.020833 0.102778
2 0.994792 0.474074 0.009375 0.111111
2 0.269792 0.319444 0.017708 0.072222
