0 0.233333 0.847685 0.010417 0.019444
2 0.178125 0.388889 0.019792 0.088889
1 0.892188 0.393519 0.023958 0.087037
1 0.315885 0.438426 0.020313 0.097222
1 0.325521 0.381944 0.027083 0.080556
1 0.368229 0.400926 0.020833 0.088889
1 0.349219 0.393519 0.023438 0.087037
1 0.397656 0.412500 0.022396 0.091667
1 0.454427 0.433333 0.024479 0.094444
1 0.479427 0.451389 0.025521 0.099074
1 0.442188 0.621759 0.033333 0.130556
1 0.380208 0.437500 0.017708 0.089815
1 0.526823 0.475926 0.021354 0.101852
1 0.427344 0.459259 0.024479 0.098148
1 0.125781 0.557870 0.034896 0.119444
1 0.293229 0.376389 0.014583 0.089815
1 0.306250 0.376852 0.015625 0.083333
1 0.586198 0.415741 0.019271 0.096296
1 0.375781 0.408796 0.014063 0.095370
1 0.330990 0.417130 0.014063 0.091667
1 0.457292 0.397222 0.018750 0.085185
1 0.237240 0.806019 0.036979 0.167593
