1 0.314844 0.536111 0.036979 0.109259
1 0.720052 0.672685 0.043229 0.136111
1 0.435417 0.499537 0.021875 0.097222
1 0.631771 0.443981 0.019792 0.087963
1 0.798438 0.555093 0.033333 0.099074
1 0.504687 0.478241 0.020833 0.097222
1 0.210938 0.712963 0.026042 0.140741
1 0.201042 0.533796 0.022917 0.102778
1 0.760417 0.404630 0.023958 0.081481
2 0.790625 0.324537 0.012500 0.056481
0 0.738542 0.583333 0.008333 0.014815
1 0.729167 0.543519 0.028125 0.107407
1 0.440625 0.593981 0.032292 0.102778
1 0.340365 0.550000 0.031771 0.112963
1 0.554427 0.488889 0.023438 0.100000
1 0.447917 0.820833 0.046875 0.171296
1 0.135417 0.574537 0.023958 0.110185
2 0.183333 0.625463 0.035417 0.125000
1 0.544531 0.442130 0.028646 0.080556
1 0.419010 0.483796 0.030729 0.108333
1 0.338542 0.479167 0.028125 0.089815
1 0.101562 0.433333 0.034375 0.087037
1 0.264844 0.512500 0.020313 0.100926
