1 0.476042 0.566667 0.023958 0.092593
1 0.707812 0.531481 0.016667 0.085185
1 0.401042 0.512500 0.016667 0.078704
1 0.697396 0.523611 0.010417 0.084259
1 0.763021 0.534259 0.019792 0.085185
1 0.806510 0.555093 0.014063 0.095370
1 0.739844 0.536111 0.021354 0.085185
1 0.896615 0.579630 0.014063 0.100000
1 0.788021 0.543519 0.014583 0.094444
1 0.833333 0.568056 0.015625 0.091667
1 0.090625 0.608796 0.033333 0.102778
1 0.616146 0.583333 0.017708 0.100000
1 0.906250 0.594907 0.029167 0.097222
1 0.104427 0.516667 0.018229 0.088889
1 0.507552 0.549074 0.016146 0.085185
1 0.358854 0.724074 0.034375 0.122222
1 0.841146 0.555093 0.013542 0.097222
1 0.687240 0.526852 0.015104 0.083333
1 0.795312 0.546296 0.013542 0.100000
2 0.577344 0.493056 0.014063 0.080556
0 0.141927 0.573611 0.006771 0.012037
