1 0.449479 0.595833 0.027083 0.108333
0 0.486458 0.636574 0.009375 0.015741
1 0.440365 0.478704 0.021354 0.088889
1 0.330990 0.328241 0.017188 0.062037
2 0.378125 0.208796 0.008333 0.034259
1 0.475000 0.377778 0.019792 0.070370
1 0.556771 0.296296 0.011458 0.051852
1 0.704688 0.244444 0.007292 0.040741
1 0.746875 0.328704 0.012500 0.057407
1 0.757552 0.323148 0.011979 0.059259
1 0.832552 0.296296 0.014063 0.048148
1 0.854688 0.381019 0.014583 0.062037
1 0.872135 0.441667 0.016146 0.083333
1 0.719010 0.545833 0.025521 0.099074
1 0.925781 0.570370 0.042188 0.098148
1 0.900521 0.447685 0.017708 0.082407
1 0.946354 0.361574 0.018750 0.058333
1 0.969271 0.387037 0.013542 0.064815
2 0.722656 0.409259 0.015104 0.074074
1 0.642188 0.487963 0.025000 0.092593
1 0.948698 0.906944 0.034896 0.147222
1 0.300000 0.891204 0.032292 0.150926
