1 0.174740 0.606019 0.035937 0.130556
1 0.627344 0.393981 0.020313 0.075000
1 0.377604 0.431944 0.026042 0.089815
1 0.837760 0.378241 0.024479 0.078704
1 0.737760 0.339815 0.019271 0.068519
1 0.787240 0.607870 0.057813 0.123148
1 0.505729 0.481481 0.031250 0.109259
1 0.639062 0.537037 0.030208 0.090741
1 0.966667 0.379167 0.021875 0.086111
1 0.822396 0.432407 0.022917 0.096296
2 0.758333 0.453704 0.034375 0.092593
2 0.280729 0.308333 0.020833 0.066667
0 0.634896 0.565741 0.006250 0.012963
1 0.231250 0.457407 0.025000 0.094444
1 0.557813 0.565278 0.051042 0.115741
1 0.994792 0.439352 0.009375 0.099074
