0 0.764062 0.464815 0.007292 0.012963
2 0.105729 0.460185 0.031250 0.109259
1 0.778646 0.482407 0.040625 0.114815
1 0.190625 0.417130 0.019792 0.093519
1 0.117969 0.436111 0.040104 0.103704
1 0.367969 0.455556 0.028646 0.107407
1 0.126042 0.543981 0.027083 0.130556
1 0.539323 0.493056 0.019271 0.119444
1 0.585156 0.521759 0.020313 0.117593
1 0.242448 0.520370 0.034896 0.122222
1 0.629427 0.737500 0.066146 0.073148
1 0.435937 0.658796 0.029167 0.147222
1 0.088021 0.625463 0.034375 0.139815
1 0.002604 0.536111 0.005208 0.077778
1 0.063021 0.565278 0.033333 0.139815
1 0.517188 0.518056 0.028125 0.117593
1 0.268750 0.455093 0.033333 0.113889
1 0.199219 0.517593 0.025521 0.125926
1 0.145833 0.567593 0.025000 0.124074
