1 0.636198 0.802315 0.030729 0.095370
1 0.807552 0.551389 0.024479 0.080556
1 0.903646 0.294907 0.012500 0.058333
1 0.532813 0.386574 0.016667 0.069444
1 0.665625 0.280093 0.012500 0.058333
1 0.541667 0.220833 0.015625 0.047222
1 0.561198 0.156481 0.008854 0.055556
1 0.176563 0.577315 0.026042 0.086111
1 0.219010 0.351389 0.019271 0.067593
1 0.612760 0.806481 0.043229 0.101852
1 0.146354 0.606019 0.047917 0.086111
1 0.612240 0.602778 0.030729 0.066667
1 0.959896 0.522685 0.021875 0.076852
1 0.447656 0.571296 0.027604 0.075926
1 0.178385 0.380093 0.021354 0.067593
2 0.389323 0.382407 0.017188 0.066667
1 0.298958 0.280093 0.021875 0.060185
1 0.467448 0.222222 0.014063 0.050000
2 0.383073 0.111574 0.013021 0.041667
1 0.550000 0.361111 0.013542 0.059259
1 0.872135 0.238889 0.018229 0.055556
0 0.656771 0.833796 0.007292 0.013889
