1 0.807031 0.612037 0.025521 0.109259
1 0.867448 0.454167 0.023438 0.087963
1 0.704688 0.484259 0.018750 0.085185
1 0.615625 0.412500 0.020833 0.060185
1 0.464583 0.476852 0.019792 0.094444
1 0.467448 0.404630 0.014063 0.064815
1 0.223177 0.665278 0.028646 0.117593
1 0.345833 0.511111 0.021875 0.092593
1 0.164844 0.533333 0.025521 0.105556
1 0.261979 0.445833 0.017708 0.084259
1 0.890365 0.654630 0.032813 0.112963
1 0.934896 0.458333 0.017708 0.094444
1 0.742188 0.483796 0.017708 0.086111
1 0.807552 0.423611 0.021354 0.080556
1 0.634896 0.425000 0.016667 0.075926
1 0.547396 0.567130 0.019792 0.099074
1 0.383854 0.720833 0.027083 0.126852
1 0.369792 0.434722 0.019792 0.076852
1 0.204687 0.525463 0.023958 0.100926
2 0.513281 0.404630 0.018229 0.074074
2 0.270313 0.339815 0.021875 0.059259
0 0.448698 0.129630 0.006771 0.011111
