1 0.062240 0.636574 0.029687 0.132407
1 0.918229 0.660648 0.033333 0.139815
1 0.972396 0.512037 0.026042 0.105556
1 0.372396 0.473148 0.023958 0.088889
1 0.393229 0.592593 0.028125 0.112963
1 0.972917 0.470370 0.019792 0.083333
1 0.506771 0.586574 0.029167 0.117593
1 0.273958 0.572685 0.034375 0.113889
1 0.431771 0.529630 0.027083 0.111111
1 0.367188 0.496296 0.023958 0.100000
1 0.619792 0.517130 0.032292 0.100926
1 0.733854 0.613426 0.029167 0.119444
1 0.521354 0.462963 0.019792 0.092593
1 0.121354 0.637963 0.028125 0.125926
2 0.407031 0.495370 0.018229 0.100000
1 0.227344 0.468981 0.023438 0.095370
2 0.551823 0.364352 0.015104 0.062037
1 0.794010 0.574074 0.024479 0.112963
