1 0.705990 0.715278 0.025521 0.121296
1 0.543750 0.607407 0.022917 0.103704
1 0.776302 0.408333 0.021354 0.083333
1 0.655208 0.327778 0.013542 0.077778
1 0.527865 0.403241 0.020313 0.087963
1 0.491927 0.243519 0.016146 0.070370
1 0.254427 0.509259 0.024479 0.088889
1 0.098437 0.253241 0.020833 0.080556
1 0.222396 0.752315 0.040625 0.113889
1 0.644010 0.750926 0.036979 0.105556
1 0.440365 0.800000 0.034896 0.112963
1 0.655469 0.333333 0.017188 0.075926
1 0.292708 0.627315 0.027083 0.110185
2 0.342448 0.370370 0.021354 0.081481
1 0.042708 0.196759 0.016667 0.075000
1 0.516927 0.349537 0.017188 0.076852
1 0.746875 0.441667 0.020833 0.098148
0 0.305990 0.660648 0.007812 0.015741
1 0.980208 0.219444 0.016667 0.074074
