1 0.204167 0.459259 0.017708 0.103704
1 0.247917 0.438889 0.014583 0.098148
1 0.287240 0.454167 0.019271 0.104630
1 0.310937 0.474537 0.025000 0.102778
1 0.327865 0.472222 0.023438 0.101852
1 0.791146 0.330093 0.016667 0.075000
2 0.733594 0.325000 0.014063 0.068519
0 0.718229 0.362500 0.005208 0.008333
2 0.552083 0.602315 0.029167 0.132407
1 0.644531 0.570833 0.020313 0.121296
1 0.904427 0.493981 0.023438 0.099074
1 0.797656 0.600000 0.023438 0.125926
1 0.553125 0.543519 0.026042 0.112963
1 0.506250 0.530556 0.016667 0.109259
1 0.477083 0.533796 0.019792 0.110185
1 0.522656 0.534722 0.019271 0.126852
1 0.469531 0.516667 0.017188 0.114815
1 0.502865 0.538426 0.025521 0.117593
1 0.524479 0.528704 0.025000 0.122222
1 0.487500 0.531944 0.022917 0.115741
