1 0.720313 0.502778 0.034375 0.087037
1 0.808333 0.399074 0.028125 0.083333
1 0.606771 0.453241 0.023958 0.093519
1 0.481771 0.391667 0.019792 0.090741
1 0.293750 0.432870 0.020833 0.099074
1 0.371094 0.352778 0.022396 0.074074
1 0.172917 0.506481 0.026042 0.112963
1 0.055208 0.406481 0.023958 0.100000
1 0.921354 0.568056 0.026042 0.110185
1 0.784635 0.504167 0.030729 0.099074
1 0.864844 0.421296 0.044271 0.085185
1 0.649219 0.447222 0.029687 0.088889
1 0.695312 0.374074 0.030208 0.079630
1 0.469010 0.412500 0.031771 0.091667
1 0.477604 0.516667 0.033333 0.114815
1 0.109115 0.724537 0.040104 0.145370
1 0.150260 0.381944 0.017188 0.087963
2 0.337500 0.385185 0.022917 0.087037
0 0.843229 0.485648 0.011458 0.017593
