1 0.229687 0.562963 0.034375 0.120370
1 0.719792 0.392130 0.021875 0.080556
1 0.478906 0.412500 0.028646 0.087963
1 0.910937 0.361574 0.021875 0.078704
1 0.819531 0.329167 0.020313 0.063889
1 0.729948 0.597685 0.042188 0.108333
1 0.677344 0.473148 0.025521 0.101852
1 0.736198 0.521296 0.029687 0.098148
1 0.915625 0.431944 0.023958 0.097222
2 0.770052 0.438426 0.027604 0.086111
2 0.396875 0.287037 0.016667 0.059259
0 0.649219 0.601852 0.008854 0.016667
1 0.314063 0.438889 0.029167 0.094444
1 0.586979 0.538426 0.033333 0.099074
