1 0.198437 0.309722 0.029167 0.073148
1 0.022917 0.314352 0.038542 0.071296
1 0.235156 0.343981 0.028646 0.086111
1 0.450781 0.228704 0.027604 0.068519
2 0.416406 0.212963 0.026562 0.062963
0 0.909115 0.255093 0.013021 0.023148
2 0.294010 0.426389 0.032813 0.095370
1 0.015885 0.542130 0.031771 0.121296
1 0.477344 0.400000 0.027604 0.090741
1 0.165625 0.555093 0.038542 0.119444
1 0.127344 0.381481 0.031771 0.094444
1 0.008854 0.333796 0.017708 0.091667
1 0.435156 0.333333 0.031771 0.081481
1 0.044792 0.345833 0.034375 0.108333
1 0.566146 0.355093 0.037500 0.089815
1 0.866146 0.546759 0.055208 0.106481
