1 0.543750 0.544907 0.013542 0.087963
1 0.686198 0.523611 0.018229 0.075000
1 0.398698 0.513889 0.017188 0.077778
1 0.708073 0.548148 0.016146 0.083333
1 0.779687 0.537500 0.014583 0.082407
1 0.815104 0.554630 0.019792 0.090741
1 0.773698 0.546296 0.013021 0.090741
1 0.864583 0.572685 0.027083 0.097222
1 0.794271 0.538426 0.018750 0.091667
1 0.833594 0.561574 0.018229 0.087963
1 0.714844 0.559722 0.018229 0.099074
1 0.806250 0.565278 0.018750 0.086111
1 0.110677 0.522222 0.016146 0.074074
1 0.535677 0.536574 0.017188 0.086111
1 0.438281 0.783333 0.031771 0.138889
1 0.835677 0.550000 0.019271 0.079630
1 0.695833 0.551389 0.020833 0.075000
1 0.772917 0.537963 0.021875 0.094444
2 0.574219 0.499537 0.023438 0.080556
0 0.130990 0.567130 0.006771 0.012037
