0 0.624479 0.713426 0.012500 0.023148
1 0.509635 0.487500 0.026562 0.091667
1 0.622656 0.797685 0.038021 0.197222
1 0.472396 0.575926 0.043750 0.118519
2 0.325781 0.450000 0.015104 0.087037
1 0.647396 0.312963 0.014583 0.061111
1 0.570312 0.568981 0.028125 0.095370
1 0.427604 0.401852 0.025000 0.062963
1 0.701823 0.556019 0.029687 0.113889
1 0.434115 0.585648 0.036979 0.113889
1 0.702604 0.643056 0.027083 0.123148
1 0.499219 0.517593 0.038021 0.101852
1 0.167969 0.415278 0.018229 0.073148
1 0.156250 0.581481 0.025000 0.114815
1 0.449740 0.388426 0.016146 0.071296
1 0.748698 0.558333 0.028646 0.109259
1 0.614583 0.493519 0.043750 0.101852
1 0.537240 0.423148 0.023438 0.083333
