1 0.658854 0.585648 0.028125 0.097222
0 0.670573 0.435648 0.006771 0.010185
1 0.290885 0.405556 0.022396 0.061111
2 0.134375 0.533796 0.016667 0.087963
1 0.318490 0.456019 0.017188 0.069444
1 0.545573 0.489352 0.024479 0.071296
1 0.471875 0.405556 0.012500 0.057407
1 0.592187 0.441204 0.014583 0.065741
1 0.510417 0.442593 0.015625 0.064815
1 0.570573 0.522222 0.024479 0.083333
1 0.732292 0.494907 0.017708 0.078704
1 0.755990 0.635185 0.019271 0.101852
1 0.457813 0.546296 0.021875 0.092593
1 0.670312 0.443056 0.014583 0.069444
1 0.333854 0.398611 0.012500 0.058333
