1 0.804167 0.601389 0.032292 0.125000
1 0.854688 0.412500 0.023958 0.091667
1 0.669792 0.444907 0.025000 0.091667
1 0.546875 0.376852 0.020833 0.092593
1 0.368490 0.455093 0.022396 0.106481
1 0.402344 0.369444 0.018229 0.087037
1 0.060677 0.681019 0.039062 0.137963
1 0.213021 0.494444 0.022917 0.107407
1 0.019271 0.524074 0.025000 0.122222
1 0.167448 0.418056 0.022396 0.093519
1 0.931250 0.648611 0.034375 0.125000
1 0.942448 0.426389 0.027604 0.106481
1 0.700000 0.450926 0.028125 0.100000
1 0.808333 0.392593 0.025000 0.085185
1 0.560417 0.371296 0.020833 0.098148
1 0.490625 0.553241 0.023958 0.121296
1 0.260937 0.743981 0.027083 0.147222
1 0.280469 0.409722 0.019271 0.095370
1 0.059635 0.520370 0.031771 0.124074
2 0.429688 0.373611 0.017708 0.089815
2 0.131250 0.307870 0.021875 0.067593
0 0.551562 0.305093 0.007292 0.013889
