1 0.754948 0.560648 0.027604 0.119444
1 0.677083 0.579167 0.016667 0.115741
1 0.794010 0.530556 0.024479 0.109259
1 0.721354 0.549537 0.043750 0.106481
1 0.647917 0.625463 0.028125 0.130556
1 0.247396 0.585185 0.037500 0.114815
0 0.293490 0.510185 0.005729 0.011111
1 0.719531 0.677778 0.029687 0.131481
1 0.687500 0.584722 0.018750 0.128704
1 0.653385 0.613889 0.040104 0.062963
1 0.766146 0.658333 0.026042 0.148148
1 0.497135 0.640741 0.032813 0.122222
2 0.525000 0.670833 0.025000 0.147222
1 0.814844 0.522685 0.029687 0.115741
1 0.532292 0.541204 0.022917 0.123148
1 0.591927 0.603241 0.030729 0.117593
1 0.319271 0.561111 0.035417 0.109259
1 0.284375 0.548611 0.020833 0.117593
