1 0.231510 0.555556 0.027604 0.111111
1 0.655469 0.634722 0.029687 0.097222
1 0.329688 0.502778 0.014583 0.092593
1 0.523958 0.425000 0.020833 0.075926
1 0.718229 0.494907 0.025000 0.082407
1 0.423438 0.488889 0.025000 0.092593
1 0.063542 0.753241 0.042708 0.145370
1 0.121615 0.544444 0.027604 0.103704
1 0.626563 0.388889 0.023958 0.064815
2 0.640625 0.335185 0.013542 0.051852
0 0.641146 0.588889 0.005208 0.014815
1 0.661458 0.528704 0.030208 0.094444
1 0.553646 0.599074 0.025000 0.101852
1 0.255990 0.513889 0.019271 0.096296
1 0.485156 0.487963 0.017188 0.092593
1 0.553385 0.731481 0.040104 0.151852
1 0.039844 0.570833 0.028646 0.106481
2 0.214583 0.628241 0.036458 0.123148
1 0.469531 0.436574 0.019271 0.075000
1 0.376042 0.487037 0.027083 0.100000
1 0.347917 0.451852 0.018750 0.079630
1 0.176823 0.536111 0.032813 0.098148
