1 0.718490 0.668056 0.034896 0.150926
1 0.679688 0.748611 0.036458 0.154630
1 0.162500 0.537500 0.031250 0.119444
2 0.456771 0.382407 0.025000 0.083333
1 0.780469 0.251389 0.016146 0.058333
1 0.508073 0.577778 0.026562 0.118519
1 0.176823 0.404167 0.023438 0.093519
1 0.431510 0.312963 0.018229 0.066667
1 0.719531 0.364352 0.023438 0.084259
1 0.232813 0.516204 0.034375 0.112037
1 0.730208 0.619444 0.034375 0.129630
1 0.558333 0.530556 0.028125 0.120370
1 0.245312 0.323148 0.018750 0.068519
1 0.395833 0.378704 0.022917 0.085185
1 0.507292 0.293056 0.014583 0.063889
1 0.819531 0.494444 0.030729 0.101852
1 0.752344 0.391204 0.023438 0.093519
1 0.707031 0.357407 0.017188 0.079630
