0 0.232292 0.847685 0.010417 0.019444
2 0.166406 0.391204 0.018229 0.089815
1 0.882552 0.396759 0.018229 0.087963
1 0.305469 0.445370 0.019271 0.098148
1 0.326302 0.383796 0.025521 0.080556
1 0.373698 0.401389 0.020313 0.087963
1 0.355729 0.393981 0.018750 0.087963
1 0.400260 0.414815 0.027604 0.098148
1 0.448437 0.435648 0.018750 0.093519
1 0.485156 0.455093 0.020313 0.100926
1 0.432031 0.625000 0.024479 0.135185
1 0.381771 0.441667 0.016667 0.092593
1 0.535417 0.481019 0.026042 0.104630
1 0.426042 0.461574 0.015625 0.100926
1 0.122396 0.569907 0.027083 0.121296
1 0.288542 0.375463 0.014583 0.089815
1 0.307552 0.378704 0.016146 0.083333
1 0.581510 0.419444 0.021354 0.092593
1 0.384115 0.414815 0.014063 0.100000
1 0.341667 0.425463 0.014583 0.095370
1 0.464844 0.401852 0.018229 0.088889
1 0.236719 0.798611 0.035937 0.152778
