1 0.040365 0.583333 0.028646 0.094444
1 0.320573 0.528241 0.021354 0.082407
1 0.229167 0.456481 0.017708 0.064815
1 0.319010 0.474074 0.020313 0.053704
1 0.409635 0.446296 0.016146 0.064815
1 0.484635 0.512037 0.022396 0.083333
1 0.531250 0.474074 0.014583 0.074074
1 0.560156 0.640741 0.027604 0.107407
1 0.603385 0.503241 0.017188 0.086111
1 0.710417 0.555556 0.020833 0.087037
1 0.044792 0.445370 0.016667 0.068519
1 0.208594 0.605556 0.024479 0.103704
1 0.336198 0.595370 0.027604 0.096296
1 0.108073 0.498148 0.015104 0.083333
1 0.322135 0.545833 0.018229 0.080556
1 0.290365 0.790741 0.034896 0.133333
1 0.505729 0.534722 0.017708 0.086111
1 0.376563 0.443981 0.017708 0.063889
1 0.552865 0.493519 0.019271 0.087037
2 0.207552 0.509259 0.016146 0.081481
0 0.175521 0.530556 0.006250 0.011111
1 0.973177 0.451852 0.019271 0.074074
