1 0.527083 0.599074 0.026042 0.096296
0 0.669010 0.439815 0.005729 0.011111
1 0.172917 0.416667 0.018750 0.064815
1 0.271615 0.465741 0.017188 0.074074
1 0.415365 0.490278 0.016146 0.075000
1 0.373698 0.409259 0.011979 0.059259
1 0.549479 0.447222 0.012500 0.070370
1 0.418490 0.445833 0.015104 0.065741
1 0.493229 0.537037 0.023958 0.088889
1 0.670312 0.499537 0.019792 0.080556
1 0.650000 0.665278 0.026042 0.112037
1 0.399219 0.550926 0.018229 0.096296
1 0.670052 0.443981 0.014063 0.069444
1 0.265365 0.405093 0.017188 0.058333
