1 0.278646 0.563426 0.023958 0.104630
1 0.541927 0.645370 0.039062 0.116667
1 0.623177 0.931481 0.050521 0.135185
1 0.748958 0.470370 0.022917 0.081481
1 0.228125 0.722222 0.081250 0.050000
1 0.546354 0.590741 0.033333 0.109259
1 0.534635 0.749074 0.036979 0.137037
2 0.495312 0.619907 0.034375 0.115741
2 0.878906 0.333796 0.011979 0.050926
0 0.400781 0.518981 0.006771 0.012037
1 0.445573 0.477778 0.025521 0.083333
1 0.384375 0.620370 0.034375 0.122222
1 0.385937 0.471759 0.028125 0.080556
1 0.954688 0.936574 0.038542 0.125000
