0 0.647917 0.726852 0.015625 0.027778
1 0.612760 0.466204 0.033854 0.087963
1 0.651042 0.790741 0.039583 0.159259
1 0.801562 0.547685 0.038542 0.115741
2 0.307031 0.442593 0.021354 0.090741
1 0.652344 0.298148 0.015104 0.062963
1 0.477083 0.665741 0.053125 0.122222
1 0.074740 0.587963 0.033854 0.127778
1 0.654948 0.402315 0.025521 0.065741
1 0.582031 0.516204 0.029687 0.102778
1 0.683594 0.566667 0.025521 0.105556
1 0.595573 0.646296 0.036979 0.131481
1 0.550000 0.484259 0.036458 0.087037
1 0.209115 0.406019 0.026562 0.076852
1 0.182031 0.560648 0.026562 0.117593
1 0.590104 0.386574 0.031250 0.069444
1 0.807292 0.541204 0.051042 0.100926
1 0.654427 0.462963 0.028646 0.092593
1 0.545052 0.408333 0.030729 0.074074
