0 0.228125 0.336111 0.011458 0.022222
2 0.289583 0.454167 0.023958 0.102778
1 0.498698 0.384722 0.030729 0.073148
1 0.597135 0.415278 0.034896 0.076852
1 0.512760 0.450463 0.024479 0.099074
1 0.483073 0.448611 0.028646 0.095370
1 0.690365 0.474074 0.021354 0.105556
1 0.793490 0.477778 0.026562 0.100000
1 0.846875 0.501389 0.026042 0.106481
1 0.733333 0.705556 0.033333 0.151852
1 0.436198 0.483333 0.021354 0.094444
1 0.715365 0.572685 0.031771 0.113889
1 0.270573 0.519907 0.026562 0.104630
1 0.156510 0.531944 0.051562 0.108333
1 0.903646 0.512037 0.033333 0.116667
1 0.835156 0.486574 0.027604 0.108333
1 0.717708 0.475463 0.036458 0.106481
1 0.551562 0.462037 0.021875 0.107407
1 0.426302 0.451852 0.020313 0.096296
1 0.435937 0.466667 0.030208 0.105556
1 0.491406 0.762500 0.038021 0.150926
