1 0.798438 0.619444 0.033333 0.131481
1 0.667969 0.521296 0.029687 0.100000
1 0.786979 0.506481 0.023958 0.101852
1 0.299219 0.442593 0.022396 0.083333
1 0.775781 0.552315 0.032813 0.112037
1 0.223177 0.573148 0.027604 0.112963
1 0.738281 0.469444 0.026562 0.083333
1 0.293490 0.524537 0.023438 0.102778
1 0.143750 0.502778 0.028125 0.096296
1 0.335417 0.485185 0.029167 0.103704
1 0.217969 0.471759 0.027604 0.095370
1 0.437500 0.469907 0.022917 0.087963
1 0.625521 0.544444 0.022917 0.107407
1 0.410938 0.438889 0.028125 0.088889
1 0.189583 0.512963 0.021875 0.096296
2 0.436979 0.482407 0.019792 0.100000
1 0.357031 0.463426 0.021354 0.097222
2 0.511979 0.338889 0.011458 0.059259
1 0.743750 0.528241 0.038542 0.102778
