1 0.212240 0.476389 0.022396 0.089815
1 0.247396 0.447685 0.014583 0.095370
1 0.293490 0.462037 0.018229 0.096296
1 0.278646 0.477315 0.020833 0.100926
1 0.296354 0.477778 0.023958 0.101852
1 0.791146 0.338426 0.016667 0.073148
2 0.733854 0.332870 0.014583 0.067593
0 0.717708 0.369444 0.005208 0.009259
2 0.592448 0.599537 0.026562 0.126852
1 0.617188 0.583796 0.025000 0.123148
1 0.922396 0.504630 0.026042 0.101852
1 0.800260 0.609259 0.027604 0.125926
1 0.553125 0.551852 0.022917 0.116667
1 0.557031 0.545833 0.023438 0.086111
1 0.529687 0.537037 0.018750 0.103704
1 0.542708 0.516204 0.015625 0.100926
1 0.502344 0.520370 0.023438 0.109259
1 0.540885 0.541204 0.020313 0.108333
1 0.521354 0.518519 0.027083 0.101852
1 0.492969 0.543056 0.024479 0.112037
