1 0.008073 0.659722 0.016146 0.136111
1 0.868490 0.650926 0.031771 0.137037
1 0.855990 0.586111 0.038021 0.112963
1 0.895833 0.518981 0.031250 0.104630
1 0.330469 0.465741 0.018229 0.088889
1 0.986458 0.597222 0.026042 0.112963
1 0.292448 0.596296 0.028646 0.112963
1 0.872917 0.481481 0.027083 0.085185
1 0.370312 0.565278 0.028125 0.110185
1 0.191667 0.543056 0.029167 0.102778
1 0.375260 0.515278 0.023438 0.108333
1 0.296875 0.494907 0.027083 0.100926
1 0.506771 0.503704 0.028125 0.100000
1 0.671354 0.586574 0.026042 0.113889
1 0.466146 0.458333 0.020833 0.092593
1 0.154688 0.574537 0.023958 0.110185
2 0.421875 0.497222 0.019792 0.101852
1 0.301823 0.475000 0.019271 0.098148
2 0.520833 0.359259 0.013542 0.061111
1 0.763021 0.566667 0.021875 0.109259
