0 0.573698 0.449074 0.006771 0.012963
1 0.594531 0.476389 0.038021 0.091667
1 0.478125 0.799537 0.038542 0.162037
1 0.703385 0.568519 0.034896 0.112963
2 0.289583 0.491204 0.026042 0.091667
1 0.494010 0.360648 0.020313 0.063889
1 0.200781 0.669907 0.029687 0.128704
1 0.757292 0.475926 0.031250 0.077778
1 0.391667 0.511574 0.023958 0.108333
1 0.646615 0.588889 0.036979 0.105556
1 0.468490 0.765278 0.032813 0.152778
1 0.510677 0.531019 0.025521 0.108333
1 0.093229 0.466204 0.023958 0.086111
1 0.788802 0.462963 0.035937 0.070370
1 0.759635 0.510185 0.027604 0.090741
1 0.686458 0.471759 0.032292 0.091667
1 0.575781 0.466667 0.033854 0.087037
