1 0.566927 0.511111 0.020313 0.068519
1 0.010156 0.375926 0.019271 0.059259
0 0.588281 0.495370 0.006771 0.012963
1 0.011458 0.875926 0.022917 0.175926
1 0.204948 0.467130 0.028646 0.078704
1 0.275000 0.840278 0.030208 0.150926
2 0.248177 0.495833 0.021354 0.082407
1 0.259635 0.456019 0.014063 0.071296
1 0.592448 0.518519 0.031771 0.057407
1 0.347656 0.425926 0.021354 0.064815
1 0.355208 0.436111 0.023958 0.066667
1 0.475521 0.464352 0.021875 0.067593
1 0.406250 0.511111 0.018750 0.087037
1 0.569010 0.538889 0.025521 0.094444
1 0.752604 0.597685 0.022917 0.100926
1 0.440625 0.581944 0.021875 0.100926
1 0.598177 0.422222 0.026562 0.051852
1 0.714583 0.722685 0.027083 0.121296
