1 0.433594 0.573148 0.021354 0.094444
1 0.699479 0.530093 0.018750 0.086111
1 0.410938 0.502315 0.016667 0.076852
1 0.687500 0.509259 0.012500 0.077778
1 0.736458 0.516204 0.018750 0.080556
1 0.804688 0.554167 0.014583 0.093519
1 0.709896 0.521759 0.017708 0.082407
1 0.905208 0.583796 0.015625 0.095370
1 0.772396 0.537500 0.018750 0.091667
1 0.829688 0.563426 0.013542 0.089815
1 0.169792 0.598148 0.033333 0.103704
1 0.551302 0.586111 0.016146 0.101852
1 0.890885 0.589815 0.022396 0.096296
1 0.111458 0.516667 0.016667 0.088889
1 0.498437 0.556019 0.018750 0.087963
1 0.273177 0.683796 0.024479 0.115741
1 0.842448 0.552778 0.013021 0.096296
1 0.680208 0.516204 0.016667 0.082407
1 0.784375 0.543056 0.020833 0.099074
2 0.561198 0.487963 0.018229 0.079630
0 0.149219 0.572685 0.006771 0.012037
