1 0.073438 0.576389 0.028125 0.115741
1 0.387240 0.542593 0.026562 0.105556
1 0.367708 0.446759 0.027083 0.082407
1 0.500260 0.487963 0.020313 0.098148
1 0.597135 0.450926 0.023438 0.087037
1 0.651563 0.498148 0.019792 0.100000
1 0.744010 0.468981 0.023438 0.093519
1 0.716406 0.678241 0.031771 0.136111
1 0.876042 0.524074 0.017708 0.109259
1 0.982812 0.586574 0.019792 0.115741
1 0.015625 0.551852 0.031250 0.118519
1 0.130729 0.436574 0.019792 0.086111
1 0.257552 0.633796 0.023438 0.132407
1 0.255208 0.631944 0.034375 0.113889
1 0.296094 0.517130 0.026562 0.063889
1 0.396615 0.531481 0.023438 0.100000
1 0.457031 0.849537 0.041146 0.173148
1 0.609115 0.542130 0.025521 0.110185
1 0.571875 0.438426 0.015625 0.086111
1 0.804948 0.513889 0.022396 0.114815
2 0.349740 0.537500 0.018229 0.108333
0 0.293490 0.541667 0.006771 0.011111
