1 0.276562 0.559259 0.027083 0.103704
1 0.605208 0.650926 0.037500 0.124074
1 0.596615 0.919444 0.053646 0.159259
1 0.764323 0.462963 0.019271 0.079630
1 0.226042 0.720370 0.081250 0.050000
1 0.583594 0.582407 0.030729 0.112963
1 0.586458 0.754630 0.045833 0.140741
2 0.532031 0.608796 0.032813 0.119444
2 0.873698 0.332407 0.010937 0.051852
0 0.381250 0.531019 0.007292 0.012037
1 0.501563 0.482407 0.032292 0.083333
1 0.337760 0.617130 0.035937 0.117593
1 0.354167 0.445370 0.045833 0.077778
1 0.945833 0.936574 0.038542 0.125000
