1 0.556250 0.541667 0.022917 0.100000
0 0.566406 0.562037 0.008854 0.014815
1 0.443490 0.351389 0.015104 0.062037
1 0.321875 0.321296 0.011458 0.059259
2 0.358594 0.206481 0.006771 0.031481
1 0.058854 0.959259 0.064583 0.070370
1 0.423177 0.276852 0.008854 0.048148
1 0.638281 0.215278 0.006771 0.034259
1 0.749479 0.306481 0.013542 0.051852
1 0.626823 0.297222 0.013021 0.053704
1 0.800781 0.273611 0.008854 0.045370
1 0.835677 0.341204 0.013021 0.054630
1 0.992448 0.388889 0.014063 0.068519
1 0.868490 0.593981 0.025521 0.104630
1 0.974740 0.547222 0.025521 0.070370
1 0.845052 0.306944 0.009896 0.049074
2 0.680208 0.401852 0.015625 0.074074
1 0.717969 0.416667 0.018229 0.079630
1 0.644271 0.826389 0.037500 0.147222
1 0.639062 0.469444 0.028125 0.079630
1 0.874219 0.315741 0.011979 0.051852
1 0.966667 0.388426 0.014583 0.067593
1 0.955208 0.366204 0.016667 0.062037
