1 0.310937 0.594444 0.015625 0.105556
1 0.690365 0.512037 0.016146 0.087037
1 0.367969 0.457407 0.015104 0.072222
1 0.574479 0.495833 0.013542 0.086111
1 0.628646 0.470833 0.015625 0.076852
1 0.758854 0.541204 0.013542 0.095370
1 0.677604 0.488426 0.021875 0.082407
1 0.804427 0.622222 0.023438 0.112963
1 0.755729 0.516667 0.020833 0.088889
1 0.839583 0.555093 0.020833 0.093519
1 0.292969 0.573611 0.025521 0.100926
1 0.115885 0.455556 0.016146 0.072222
1 0.428906 0.602315 0.022396 0.106481
1 0.803385 0.598148 0.025521 0.098148
1 0.135677 0.506019 0.015104 0.093519
1 0.533594 0.580556 0.020313 0.096296
1 0.402344 0.721759 0.025521 0.130556
1 0.832812 0.543981 0.017708 0.097222
1 0.594531 0.470370 0.017188 0.075926
1 0.770573 0.499537 0.018229 0.093519
2 0.450781 0.472685 0.015104 0.080556
0 0.187240 0.562963 0.006771 0.012963
