1 0.815885 0.613426 0.021354 0.091667
1 0.870313 0.472222 0.016667 0.075926
1 0.741927 0.494907 0.017188 0.073148
1 0.686198 0.429167 0.017188 0.058333
1 0.571615 0.485185 0.016146 0.072222
1 0.545312 0.429167 0.014583 0.054630
1 0.401042 0.633333 0.021875 0.096296
1 0.490625 0.512037 0.014583 0.079630
1 0.334375 0.531944 0.018750 0.087963
1 0.381771 0.461111 0.016667 0.064815
1 0.863021 0.636111 0.029167 0.094444
1 0.982292 0.568519 0.017708 0.085185
1 0.918750 0.477778 0.020833 0.077778
1 0.775521 0.494444 0.015625 0.074074
1 0.819010 0.448148 0.016146 0.066667
1 0.715885 0.441667 0.014063 0.059259
1 0.619792 0.554630 0.017708 0.081481
1 0.507292 0.680093 0.019792 0.104630
1 0.476302 0.455093 0.015104 0.063889
1 0.360677 0.515741 0.017188 0.083333
2 0.608594 0.420833 0.018229 0.062037
2 0.422917 0.366204 0.015625 0.043519
0 0.387500 0.086574 0.005208 0.008333
