1 0.268490 0.630556 0.060937 0.111111
1 0.556250 0.436574 0.026042 0.087963
1 0.037240 0.436574 0.026562 0.095370
1 0.089063 0.254630 0.016667 0.059259
1 0.352604 0.195370 0.010417 0.042593
0 0.286458 0.686111 0.016667 0.020370
1 0.183594 0.384259 0.027604 0.096296
1 0.305729 0.571296 0.031250 0.118519
1 0.354687 0.280093 0.018750 0.065741
1 0.693750 0.662963 0.037500 0.111111
2 0.478125 0.312037 0.015625 0.074074
1 0.439063 0.275926 0.016667 0.062963
1 0.554688 0.326852 0.017708 0.068519
1 0.540885 0.238426 0.013021 0.054630
1 0.627083 0.273148 0.018750 0.062963
1 0.668490 0.291667 0.022396 0.064815
1 0.630208 0.471296 0.033333 0.096296
1 0.891667 0.401389 0.031250 0.089815
1 0.959635 0.556944 0.048438 0.102778
1 0.921615 0.479167 0.032813 0.102778
