1 0.157812 0.603704 0.035417 0.105556
1 0.810677 0.526852 0.025521 0.109259
1 0.855208 0.414815 0.031250 0.074074
1 0.726042 0.475000 0.032292 0.085185
1 0.793229 0.429167 0.022917 0.075000
1 0.717187 0.423611 0.026042 0.086111
1 0.606510 0.454630 0.021354 0.085185
1 0.379427 0.516667 0.025521 0.098148
1 0.366146 0.514815 0.017708 0.098148
1 0.655208 0.462963 0.036458 0.085185
1 0.631510 0.453241 0.030729 0.080556
1 0.681771 0.437037 0.021875 0.098148
1 0.696615 0.445370 0.019271 0.088889
1 0.753125 0.427778 0.028125 0.083333
1 0.836979 0.493519 0.027083 0.100000
1 0.728906 0.465278 0.031771 0.080556
1 0.833854 0.418981 0.029167 0.073148
2 0.732292 0.542130 0.030208 0.112037
1 0.601042 0.431019 0.031250 0.063889
0 0.184896 0.637037 0.010417 0.016667
