1 0.574479 0.535185 0.021875 0.088889
1 0.003906 0.396296 0.007812 0.038889
0 0.593490 0.466204 0.006771 0.012037
1 0.218229 0.482407 0.028125 0.083333
1 0.228906 0.887500 0.039062 0.163889
2 0.278125 0.512500 0.019792 0.086111
1 0.266146 0.465278 0.017708 0.069444
1 0.612500 0.549074 0.051042 0.033333
1 0.388802 0.447222 0.019271 0.070370
1 0.372135 0.449074 0.022396 0.066667
1 0.471875 0.479630 0.020833 0.075926
1 0.390885 0.523611 0.023438 0.091667
1 0.555208 0.544444 0.019792 0.092593
1 0.747396 0.607407 0.026042 0.105556
1 0.422135 0.587037 0.020313 0.105556
1 0.569271 0.447685 0.041667 0.037963
1 0.667708 0.737500 0.032292 0.123148
