0 0.216667 0.791204 0.011458 0.019444
2 0.185938 0.345370 0.019792 0.088889
1 0.905729 0.338889 0.018750 0.083333
1 0.248698 0.545833 0.026562 0.128704
1 0.337240 0.326389 0.017188 0.078704
1 0.379688 0.343981 0.018750 0.084259
1 0.360417 0.334722 0.018750 0.084259
1 0.440104 0.370370 0.017708 0.094444
1 0.458594 0.381481 0.018229 0.090741
1 0.496094 0.400926 0.020313 0.098148
1 0.471354 0.578241 0.020833 0.132407
1 0.553646 0.466204 0.026042 0.102778
1 0.558333 0.442130 0.020833 0.102778
1 0.464062 0.421296 0.017708 0.103704
1 0.183854 0.569444 0.034375 0.127778
1 0.305208 0.323148 0.018750 0.087037
1 0.341406 0.350000 0.022396 0.087037
1 0.401823 0.345370 0.020313 0.087037
1 0.448958 0.360648 0.014583 0.091667
1 0.536979 0.484259 0.023958 0.111111
1 0.104427 0.456944 0.021354 0.113889
