0 0.232813 0.840278 0.010417 0.019444
2 0.195052 0.378704 0.021354 0.088889
1 0.904167 0.382870 0.021875 0.087963
1 0.323437 0.428241 0.013542 0.095370
1 0.323698 0.372685 0.027604 0.078704
1 0.362500 0.390278 0.019792 0.089815
1 0.342448 0.379630 0.018229 0.087037
1 0.399740 0.406019 0.028646 0.093519
1 0.448958 0.423611 0.019792 0.095370
1 0.478125 0.442130 0.020833 0.100926
1 0.457552 0.612037 0.024479 0.131481
1 0.374479 0.426852 0.016667 0.088889
1 0.524219 0.463426 0.022396 0.099074
1 0.432552 0.451852 0.019271 0.098148
1 0.132552 0.534722 0.030729 0.117593
1 0.294792 0.372685 0.012500 0.089815
1 0.306250 0.370370 0.015625 0.083333
1 0.589323 0.405093 0.019271 0.091667
1 0.374740 0.396759 0.022396 0.093519
1 0.322656 0.404167 0.015104 0.086111
1 0.457292 0.388426 0.018750 0.086111
1 0.245312 0.814352 0.036458 0.167593
