1 0.669792 0.609259 0.021875 0.122222
1 0.761458 0.654630 0.019792 0.124074
1 0.612760 0.628241 0.025521 0.113889
1 0.603125 0.581019 0.023958 0.108333
1 0.900521 0.578704 0.020833 0.103704
1 0.544792 0.616204 0.022917 0.115741
1 0.428646 0.638426 0.022917 0.119444
1 0.440885 0.648611 0.024479 0.119444
1 0.859115 0.387500 0.011979 0.069444
2 0.788281 0.380556 0.011979 0.062963
0 0.775521 0.416667 0.004167 0.007407
1 0.751302 0.567130 0.023438 0.102778
1 0.578385 0.630093 0.023438 0.112037
1 0.516927 0.606481 0.026562 0.116667
1 0.505469 0.575000 0.019271 0.114815
1 0.513542 0.581481 0.015625 0.116667
1 0.403385 0.613889 0.020313 0.114815
2 0.476042 0.664815 0.028125 0.129630
1 0.426823 0.575463 0.025521 0.087963
1 0.375260 0.500463 0.017188 0.100926
1 0.293229 0.593519 0.027083 0.109259
1 0.282552 0.520833 0.019271 0.097222
1 0.202604 0.515741 0.026042 0.092593
