1 0.254688 0.475000 0.022917 0.105556
1 0.282292 0.454630 0.019792 0.092593
1 0.366146 0.465278 0.030208 0.091667
1 0.334635 0.474537 0.030729 0.097222
1 0.403125 0.467130 0.028125 0.089815
1 0.765365 0.350463 0.022396 0.071296
2 0.777083 0.340741 0.016667 0.064815
0 0.627865 0.281944 0.008854 0.013889
2 0.712500 0.589352 0.027083 0.123148
1 0.625521 0.581481 0.027083 0.124074
1 0.982031 0.514815 0.016146 0.101852
1 0.845573 0.621759 0.028646 0.128704
1 0.534635 0.549537 0.042188 0.104630
1 0.494010 0.539352 0.027604 0.108333
1 0.473958 0.546296 0.035417 0.101852
1 0.450000 0.495833 0.028125 0.108333
1 0.471354 0.452315 0.014583 0.036111
1 0.461458 0.505556 0.029167 0.101852
1 0.475260 0.487963 0.021354 0.077778
1 0.496875 0.535648 0.028125 0.091667
