1 0.065104 0.560648 0.022917 0.084259
1 0.349479 0.501852 0.015625 0.070370
1 0.219010 0.444444 0.015104 0.057407
1 0.301302 0.470833 0.018229 0.065741
1 0.389583 0.438426 0.017708 0.058333
1 0.469271 0.494444 0.011458 0.075926
1 0.490885 0.458333 0.016146 0.062963
1 0.519792 0.604167 0.020833 0.091667
1 0.538802 0.481019 0.014063 0.073148
1 0.635677 0.525000 0.016146 0.075926
1 0.013542 0.543519 0.019792 0.085185
1 0.052865 0.432407 0.013021 0.059259
1 0.216927 0.575926 0.021354 0.092593
1 0.375521 0.566204 0.021875 0.082407
1 0.078906 0.483796 0.013021 0.075000
1 0.329688 0.533796 0.022917 0.075000
1 0.291406 0.726852 0.022396 0.120370
1 0.494010 0.513889 0.011979 0.077778
1 0.353646 0.436111 0.012500 0.059259
1 0.510156 0.471296 0.014063 0.072222
2 0.208333 0.485648 0.013542 0.071296
0 0.146354 0.516667 0.005208 0.009259
1 0.846615 0.440278 0.010937 0.063889
