0 0.235417 0.825463 0.010417 0.019444
2 0.210938 0.363426 0.011458 0.093519
1 0.927604 0.368056 0.019792 0.084259
1 0.318229 0.406944 0.012500 0.093519
1 0.323437 0.356481 0.027083 0.079630
1 0.365885 0.373148 0.018229 0.088889
1 0.337240 0.364815 0.021354 0.083333
1 0.409635 0.391204 0.028646 0.093519
1 0.444010 0.405556 0.019271 0.090741
1 0.483854 0.425463 0.023958 0.099074
1 0.467969 0.603704 0.024479 0.133333
1 0.374479 0.406481 0.017708 0.088889
1 0.522396 0.445370 0.023958 0.100000
1 0.430208 0.433333 0.016667 0.096296
1 0.150260 0.493056 0.022396 0.110185
1 0.299740 0.362500 0.015104 0.089815
1 0.308333 0.356019 0.012500 0.084259
1 0.592969 0.387963 0.020313 0.092593
1 0.368229 0.378704 0.017708 0.092593
1 0.314844 0.376852 0.015104 0.088889
1 0.478385 0.369907 0.017188 0.087963
1 0.256771 0.829167 0.037500 0.180556
