1 0.123698 0.439352 0.023438 0.086111
1 0.573958 0.904167 0.030208 0.171296
1 0.617708 0.480093 0.027083 0.087963
1 0.450521 0.415741 0.017708 0.059259
1 0.803385 0.368056 0.014063 0.065741
0 0.432292 0.444907 0.006250 0.010185
1 0.580208 0.460185 0.020833 0.092593
1 0.552344 0.543981 0.025521 0.106481
1 0.572917 0.401389 0.018750 0.054630
2 0.194271 0.365278 0.013542 0.062037
2 0.964844 0.522222 0.021354 0.101852
1 0.715365 0.428241 0.020313 0.076852
1 0.748177 0.436574 0.027604 0.065741
1 0.946354 0.397222 0.016667 0.070370
