1 0.679167 0.618519 0.021875 0.092593
1 0.675000 0.463426 0.021875 0.076852
1 0.833594 0.435648 0.024479 0.084259
1 0.704688 0.287963 0.014583 0.061111
1 0.454948 0.427778 0.018229 0.077778
1 0.488021 0.212963 0.018750 0.057407
1 0.201563 0.307407 0.019792 0.062963
1 0.194271 0.143519 0.012500 0.053704
1 0.661719 0.842593 0.032813 0.114815
1 0.373698 0.569907 0.032813 0.071296
1 0.729167 0.411574 0.016667 0.080556
1 0.256510 0.598148 0.026562 0.096296
2 0.273177 0.375926 0.019271 0.072222
1 0.030990 0.272685 0.022396 0.075000
1 0.135156 0.192130 0.016146 0.060185
2 0.008594 0.083796 0.011979 0.047222
1 0.502604 0.390278 0.023958 0.075000
1 0.702865 0.302315 0.019271 0.073148
0 0.439063 0.733796 0.009375 0.013889
