0 0.670312 0.595833 0.014583 0.021296
1 0.450260 0.425000 0.023438 0.094444
1 0.499740 0.765278 0.043229 0.158333
1 0.529948 0.656481 0.034896 0.140741
2 0.143229 0.477778 0.025000 0.100000
1 0.680990 0.400000 0.021354 0.090741
1 0.441927 0.593519 0.033854 0.120370
1 0.042448 0.611111 0.031771 0.140741
1 0.401042 0.383796 0.028125 0.080556
1 0.492708 0.467593 0.025000 0.098148
1 0.560677 0.675463 0.042188 0.106481
1 0.508333 0.720370 0.036458 0.144444
1 0.409635 0.521296 0.029687 0.109259
1 0.281771 0.429167 0.025000 0.086111
1 0.061198 0.555556 0.029687 0.116667
1 0.445052 0.416204 0.026562 0.087963
1 0.784635 0.578704 0.047396 0.109259
1 0.402865 0.412037 0.024479 0.092593
1 0.478646 0.487037 0.030208 0.109259
1 0.101302 0.454167 0.029687 0.099074
