0 0.549740 0.123611 0.010937 0.025000
1 0.514323 0.434722 0.023438 0.091667
1 0.464062 0.820833 0.042708 0.160185
1 0.508073 0.686111 0.031771 0.138889
2 0.184115 0.483333 0.027604 0.090741
1 0.714323 0.420370 0.022396 0.096296
1 0.446875 0.600926 0.021875 0.112963
1 0.010417 0.601389 0.020833 0.123148
1 0.514323 0.408796 0.029687 0.078704
1 0.566406 0.481481 0.023438 0.107407
1 0.476302 0.673611 0.047396 0.130556
1 0.595833 0.827778 0.043750 0.172222
1 0.436979 0.530093 0.027083 0.117593
1 0.388542 0.445370 0.026042 0.087037
1 0.027344 0.561111 0.031771 0.116667
1 0.560156 0.423148 0.024479 0.066667
1 0.793229 0.610185 0.040625 0.129630
1 0.450000 0.419907 0.026042 0.087963
1 0.552604 0.523611 0.039583 0.115741
1 0.198177 0.462500 0.028646 0.091667
