1 0.684115 0.614815 0.025521 0.120370
1 0.754167 0.654630 0.025000 0.124074
1 0.613021 0.631944 0.022917 0.115741
1 0.610677 0.566204 0.024479 0.078704
1 0.905990 0.577778 0.020313 0.101852
1 0.542969 0.616204 0.022396 0.113889
1 0.420833 0.637963 0.022917 0.118519
1 0.444010 0.645833 0.025521 0.117593
1 0.856250 0.387037 0.010417 0.068519
2 0.786198 0.379630 0.011979 0.062963
0 0.773438 0.415741 0.004167 0.007407
1 0.748177 0.564352 0.021354 0.102778
1 0.566406 0.627778 0.023438 0.111111
1 0.512760 0.605093 0.028646 0.115741
1 0.502344 0.575000 0.019271 0.114815
1 0.514062 0.580556 0.015625 0.116667
1 0.407292 0.613889 0.020833 0.112963
2 0.468229 0.664815 0.030208 0.127778
1 0.416146 0.557407 0.015625 0.051852
1 0.376042 0.499074 0.017708 0.100000
1 0.285677 0.592130 0.022396 0.110185
1 0.283073 0.518056 0.017188 0.097222
1 0.214323 0.510185 0.023438 0.096296
