1 0.250521 0.388889 0.026042 0.100000
1 0.318490 0.404167 0.023438 0.110185
1 0.573177 0.370833 0.038021 0.097222
1 0.498437 0.410648 0.051042 0.043519
1 0.697135 0.386574 0.023438 0.104630
0 0.501302 0.507407 0.009896 0.018519
2 0.819792 0.511111 0.031250 0.138889
1 0.559635 0.565741 0.041146 0.122222
1 0.868490 0.624537 0.045312 0.137963
1 0.244010 0.455093 0.030729 0.104630
1 0.642969 0.452778 0.026562 0.114815
1 0.408594 0.427315 0.024479 0.115741
1 0.439844 0.400926 0.025521 0.124074
1 0.743490 0.400000 0.042188 0.101852
1 0.402865 0.387500 0.024479 0.112037
1 0.476562 0.394907 0.025000 0.112037
1 0.221615 0.477315 0.033854 0.130556
