1 0.329688 0.643981 0.023958 0.113889
0 0.344010 0.667593 0.008854 0.014815
1 0.257292 0.443981 0.017708 0.067593
1 0.026302 0.424537 0.022396 0.075000
2 0.083854 0.285185 0.007292 0.033333
1 0.167969 0.341204 0.013021 0.049074
1 0.408333 0.271296 0.008333 0.037037
1 0.544010 0.362963 0.011979 0.055556
1 0.526563 0.356944 0.013542 0.060185
1 0.589063 0.315741 0.013542 0.048148
1 0.647135 0.381944 0.015104 0.054630
1 0.819271 0.426389 0.015625 0.071296
1 0.728906 0.738889 0.024479 0.129630
1 0.292187 0.506481 0.016667 0.083333
1 0.628646 0.338426 0.012500 0.050926
2 0.492708 0.384722 0.013542 0.062037
1 0.498177 0.486574 0.016146 0.086111
1 0.756771 0.714815 0.039583 0.116667
1 0.713542 0.618056 0.033333 0.104630
1 0.642188 0.336574 0.011458 0.050926
1 0.589583 0.970370 0.036458 0.057407
1 0.794271 0.427778 0.018750 0.070370
1 0.769792 0.403704 0.016667 0.064815
1 0.901302 0.542593 0.024479 0.088889
1 0.909635 0.331481 0.010937 0.048148
