1 0.084375 0.589352 0.020833 0.117593
1 0.841667 0.521759 0.030208 0.106481
1 0.917969 0.427315 0.015104 0.082407
1 0.759375 0.466667 0.018750 0.088889
1 0.800260 0.437037 0.014063 0.079630
1 0.758854 0.433333 0.014583 0.088889
1 0.674479 0.432407 0.014583 0.081481
1 0.398958 0.513889 0.022917 0.094444
1 0.382552 0.509259 0.016146 0.092593
1 0.703906 0.458333 0.017188 0.087037
1 0.666406 0.453704 0.014063 0.085185
1 0.715365 0.445370 0.020313 0.090741
1 0.745052 0.438889 0.011979 0.085185
1 0.784375 0.431481 0.017708 0.085185
1 0.831510 0.492130 0.022396 0.093519
1 0.747917 0.459722 0.018750 0.099074
1 0.830208 0.425000 0.020833 0.077778
2 0.765625 0.543056 0.031250 0.110185
1 0.609896 0.422685 0.023958 0.080556
0 0.200000 0.639815 0.008333 0.014815
