1 0.016146 0.657407 0.030208 0.133333
1 0.872917 0.652315 0.039583 0.137963
1 0.891667 0.594907 0.032292 0.112037
1 0.912500 0.518519 0.025000 0.105556
1 0.335417 0.467593 0.019792 0.088889
1 0.991927 0.626852 0.015104 0.029630
1 0.306250 0.596759 0.030208 0.110185
1 0.890365 0.481481 0.022396 0.083333
1 0.388542 0.568056 0.025000 0.110185
1 0.200521 0.548148 0.025000 0.101852
1 0.380469 0.518056 0.022396 0.108333
1 0.307031 0.494907 0.023438 0.100926
1 0.520573 0.506944 0.029687 0.100926
1 0.675521 0.593981 0.026042 0.115741
1 0.472396 0.458796 0.026042 0.091667
1 0.148438 0.581944 0.023958 0.110185
2 0.418750 0.498148 0.019792 0.101852
1 0.290365 0.473611 0.019271 0.099074
2 0.522396 0.361111 0.012500 0.061111
1 0.766146 0.566204 0.021875 0.110185
