1 0.417448 0.484259 0.025521 0.083333
1 0.962760 0.877315 0.041146 0.178704
1 0.310937 0.533796 0.020833 0.097222
1 0.491667 0.465741 0.023958 0.079630
1 0.492188 0.431944 0.017708 0.075000
1 0.278385 0.749074 0.051562 0.151852
1 0.056250 0.567593 0.027083 0.118519
1 0.561979 0.606481 0.027083 0.109259
1 0.726823 0.512963 0.035937 0.096296
1 0.582292 0.471759 0.022917 0.084259
1 0.448698 0.475926 0.024479 0.085185
2 0.555469 0.572222 0.026562 0.107407
0 0.712240 0.456944 0.011979 0.019444
1 0.396094 0.584722 0.026562 0.119444
1 0.642188 0.499537 0.032292 0.100926
1 0.840885 0.561111 0.035937 0.107407
1 0.958333 0.637500 0.040625 0.117593
1 0.867448 0.616667 0.025521 0.116667
