1 0.689583 0.473611 0.021875 0.106481
1 0.838021 0.676852 0.027083 0.138889
1 0.593750 0.479630 0.018750 0.101852
1 0.740365 0.452778 0.023438 0.096296
1 0.994271 0.569444 0.010417 0.083333
1 0.564063 0.436574 0.019792 0.071296
1 0.400781 0.616667 0.043229 0.118519
1 0.187240 0.484259 0.027604 0.103704
1 0.966667 0.379167 0.020833 0.086111
2 0.984115 0.324537 0.013021 0.054630
0 0.392188 0.607407 0.009375 0.016667
1 0.927083 0.517130 0.029167 0.102778
1 0.594271 0.610185 0.021875 0.129630
1 0.557813 0.496296 0.027083 0.109259
1 0.575781 0.490278 0.018229 0.097222
1 0.605208 0.643056 0.029167 0.141667
1 0.333073 0.618056 0.042188 0.119444
2 0.163542 0.638889 0.034375 0.129630
1 0.745052 0.430093 0.019271 0.080556
1 0.470573 0.474537 0.023438 0.117593
1 0.407813 0.522685 0.023958 0.095370
1 0.283854 0.455556 0.032292 0.100000
1 0.247656 0.522685 0.023438 0.104630
