1 0.855208 0.591204 0.022917 0.086111
0 0.696615 0.469907 0.005729 0.012037
1 0.420312 0.480556 0.018750 0.070370
1 0.318490 0.917593 0.033854 0.151852
2 0.346094 0.547222 0.024479 0.083333
1 0.354948 0.492130 0.014063 0.071296
1 0.746615 0.552315 0.026562 0.069444
1 0.585417 0.450926 0.017708 0.062963
1 0.592187 0.483796 0.017708 0.069444
1 0.572396 0.501852 0.021875 0.070370
1 0.537500 0.543981 0.017708 0.086111
1 0.689583 0.551852 0.014583 0.087037
1 0.829167 0.624537 0.019792 0.093519
1 0.463021 0.584259 0.021875 0.096296
1 0.697396 0.473611 0.015625 0.060185
1 0.382292 0.812037 0.032292 0.127778
1 0.272917 0.446296 0.015625 0.062963
