0 0.219271 0.801389 0.011458 0.019444
2 0.194531 0.349074 0.013021 0.088889
1 0.905729 0.347222 0.019792 0.081481
1 0.335156 0.459259 0.024479 0.109259
1 0.350521 0.338426 0.025000 0.078704
1 0.413281 0.362500 0.021354 0.089815
1 0.376042 0.347685 0.018750 0.084259
1 0.476302 0.379167 0.018229 0.097222
1 0.500521 0.397222 0.026042 0.092593
1 0.519271 0.416667 0.018750 0.101852
1 0.476042 0.587037 0.015625 0.129630
1 0.434635 0.427315 0.014063 0.093519
1 0.570573 0.440278 0.023438 0.100926
1 0.474479 0.426389 0.018750 0.097222
1 0.171615 0.567593 0.020313 0.127778
1 0.309635 0.332870 0.014063 0.086111
1 0.331771 0.337500 0.011458 0.082407
1 0.492969 0.364352 0.013021 0.086111
1 0.451562 0.380093 0.020833 0.099074
1 0.394010 0.446759 0.024479 0.102778
1 0.327604 0.401852 0.021875 0.101852
1 0.175260 0.715278 0.041146 0.147222
