1 0.644792 0.537037 0.023958 0.101852
0 0.652083 0.559259 0.007292 0.014815
1 0.566927 0.350463 0.018229 0.067593
1 0.399740 0.300463 0.013021 0.060185
2 0.433333 0.184722 0.007292 0.030556
1 0.501302 0.248148 0.009896 0.046296
1 0.730990 0.203241 0.007812 0.036111
1 0.848698 0.301852 0.015104 0.055556
1 0.751563 0.288426 0.015625 0.054630
1 0.901302 0.262963 0.014063 0.046296
1 0.943229 0.340741 0.018750 0.057407
1 0.979688 0.531019 0.026042 0.093519
1 0.944010 0.293519 0.013021 0.051852
2 0.779948 0.356481 0.016146 0.068519
1 0.806510 0.417130 0.023438 0.084259
1 0.586198 0.797685 0.050521 0.145370
1 0.842448 0.527778 0.023438 0.100000
1 0.041406 0.328704 0.011979 0.062963
1 0.965365 0.300926 0.011979 0.050000
1 0.740365 0.738426 0.033854 0.117593
