1 0.120833 0.598611 0.044792 0.106481
1 0.834896 0.523611 0.025000 0.108333
1 0.894010 0.415278 0.027604 0.078704
1 0.756510 0.469444 0.028646 0.079630
1 0.819271 0.428704 0.022917 0.081481
1 0.746875 0.431944 0.025000 0.084259
1 0.646615 0.445833 0.024479 0.078704
1 0.399740 0.512963 0.034896 0.098148
1 0.372656 0.512500 0.017188 0.097222
1 0.683073 0.457407 0.023438 0.090741
1 0.669531 0.456019 0.025521 0.078704
1 0.713021 0.442130 0.035417 0.089815
1 0.725521 0.437963 0.016667 0.090741
1 0.786979 0.427315 0.029167 0.080556
1 0.848958 0.491667 0.026042 0.100000
1 0.749740 0.460648 0.032813 0.084259
1 0.869010 0.418519 0.032813 0.074074
2 0.759896 0.539352 0.026042 0.113889
1 0.618229 0.424074 0.029167 0.068519
0 0.190625 0.642593 0.008333 0.014815
