1 0.497917 0.561574 0.016667 0.091667
1 0.715885 0.528704 0.015104 0.081481
1 0.390625 0.515278 0.015625 0.080556
1 0.705729 0.531481 0.012500 0.085185
1 0.775521 0.540741 0.016667 0.087037
1 0.807552 0.555556 0.015104 0.094444
1 0.759635 0.544444 0.019271 0.088889
1 0.884375 0.581019 0.015625 0.097222
1 0.799219 0.546296 0.011979 0.094444
1 0.833333 0.567130 0.014583 0.091667
1 0.045052 0.616204 0.033854 0.108333
1 0.655729 0.578704 0.017708 0.101852
1 0.899479 0.593981 0.023958 0.097222
1 0.101823 0.517130 0.018229 0.089815
1 0.517708 0.546296 0.018750 0.085185
1 0.416667 0.748148 0.028125 0.129630
1 0.840885 0.559722 0.015104 0.099074
1 0.693229 0.535185 0.015625 0.085185
1 0.791927 0.545370 0.010937 0.100000
2 0.585677 0.495833 0.014063 0.080556
0 0.138802 0.571759 0.006771 0.012037
