1 0.623177 0.500926 0.025521 0.112963
0 0.666927 0.534259 0.008854 0.014815
1 0.539323 0.299537 0.017188 0.076852
1 0.381250 0.242130 0.013542 0.067593
2 0.425781 0.113889 0.006771 0.035185
1 0.446094 0.753704 0.029687 0.162963
1 0.528906 0.210185 0.010937 0.055556
1 0.758333 0.134722 0.010417 0.041667
1 0.878385 0.248148 0.018229 0.062963
1 0.807813 0.225463 0.017708 0.060185
1 0.940625 0.208796 0.016667 0.054630
1 0.974479 0.289352 0.015625 0.065741
1 0.879687 0.526389 0.040625 0.113889
2 0.803125 0.458333 0.028125 0.109259
1 0.847656 0.370370 0.022396 0.090741
1 0.895312 0.913889 0.036458 0.150000
1 0.429948 0.754167 0.031771 0.143519
