1 0.775781 0.556944 0.019271 0.078704
1 0.711719 0.539815 0.016146 0.075926
1 0.517969 0.435185 0.018229 0.061111
1 0.353646 0.462963 0.015625 0.066667
1 0.280729 0.422685 0.011458 0.047222
1 0.155208 0.668981 0.020833 0.100926
1 0.307292 0.525926 0.025000 0.074074
1 0.049219 0.529167 0.021354 0.082407
1 0.082812 0.441204 0.019792 0.060185
1 0.978906 0.581019 0.026562 0.084259
1 0.739583 0.511111 0.019792 0.074074
1 0.851042 0.483796 0.023958 0.071296
1 0.625000 0.490278 0.016667 0.069444
1 0.570833 0.422685 0.016667 0.056481
1 0.515365 0.468981 0.016146 0.065741
1 0.552604 0.531019 0.017708 0.075000
1 0.253646 0.673611 0.031250 0.099074
1 0.253906 0.410648 0.015104 0.052778
1 0.129688 0.501852 0.018750 0.077778
2 0.561719 0.470833 0.018229 0.063889
2 0.097396 0.382870 0.016667 0.043519
0 0.182812 0.385185 0.005208 0.009259
