1 0.796615 0.536574 0.025521 0.119444
1 0.712500 0.563889 0.025000 0.125926
1 0.855729 0.517593 0.030208 0.112963
1 0.714844 0.478241 0.014063 0.047222
1 0.620313 0.625000 0.033333 0.112963
1 0.231250 0.551389 0.040625 0.100926
0 0.402344 0.433333 0.007812 0.012963
1 0.735156 0.664352 0.027604 0.130556
1 0.723177 0.562963 0.020313 0.125926
1 0.684635 0.586111 0.039062 0.072222
1 0.796354 0.663889 0.048958 0.120370
1 0.428125 0.631019 0.040625 0.106481
2 0.478385 0.669907 0.044271 0.134259
1 0.873958 0.500926 0.020833 0.111111
1 0.541927 0.522685 0.028646 0.104630
1 0.581771 0.580556 0.025000 0.109259
1 0.351042 0.540278 0.058333 0.104630
1 0.296354 0.565278 0.031250 0.108333
