1 0.199219 0.585648 0.023438 0.106481
1 0.603385 0.502315 0.025521 0.086111
1 0.314063 0.439352 0.018750 0.071296
1 0.466667 0.480093 0.013542 0.084259
1 0.570833 0.450000 0.020833 0.075926
1 0.692708 0.519907 0.022917 0.091667
1 0.658073 0.465278 0.018229 0.082407
1 0.727865 0.633333 0.023438 0.111111
1 0.721354 0.499537 0.025000 0.095370
1 0.816406 0.538426 0.016146 0.091667
1 0.160156 0.562500 0.025521 0.102778
1 0.145313 0.425463 0.016667 0.065741
1 0.351042 0.595833 0.027083 0.110185
1 0.637240 0.593519 0.031771 0.103704
1 0.117708 0.486111 0.018750 0.094444
1 0.501042 0.570370 0.020833 0.100000
1 0.410417 0.747685 0.028125 0.141667
1 0.738542 0.533796 0.015625 0.097222
1 0.518750 0.446296 0.020833 0.075926
1 0.700000 0.463426 0.015625 0.073148
2 0.356510 0.475463 0.023438 0.080556
0 0.177344 0.541667 0.006771 0.011111
