1 0.329427 0.321759 0.022396 0.063889
1 0.187500 0.341204 0.013542 0.065741
1 0.607552 0.496296 0.016146 0.081481
1 0.709115 0.546296 0.019271 0.096296
1 0.623698 0.677315 0.021354 0.097222
1 0.647135 0.625000 0.024479 0.103704
1 0.559896 0.618519 0.017708 0.101852
1 0.285677 0.625463 0.017188 0.093519
1 0.727083 0.540741 0.016667 0.098148
1 0.716927 0.545370 0.017188 0.096296
1 0.624219 0.513426 0.015104 0.087963
1 0.615365 0.496759 0.017188 0.078704
1 0.298438 0.620370 0.022917 0.092593
1 0.255990 0.393519 0.016146 0.074074
1 0.413542 0.395370 0.013542 0.068519
1 0.623958 0.665741 0.020833 0.100000
1 0.573438 0.622222 0.019792 0.100000
1 0.663281 0.619907 0.017188 0.095370
2 0.192448 0.485648 0.017188 0.084259
0 0.305469 0.350000 0.004687 0.007407
