1 0.627604 0.425000 0.017708 0.070370
1 0.746875 0.387500 0.017708 0.067593
1 0.745313 0.481019 0.023958 0.089815
1 0.850781 0.515741 0.023438 0.087037
0 0.711979 0.610648 0.009375 0.015741
1 0.729427 0.603704 0.028646 0.090741
1 0.730729 0.581019 0.038542 0.084259
1 0.725781 0.492130 0.020313 0.084259
1 0.822917 0.495370 0.027083 0.090741
1 0.568750 0.473611 0.021875 0.082407
1 0.885677 0.612500 0.030729 0.106481
2 0.378646 0.503241 0.023958 0.082407
1 0.440625 0.438889 0.020833 0.074074
1 0.425260 0.402315 0.019271 0.063889
1 0.588281 0.471759 0.023438 0.084259
1 0.461458 0.681944 0.028125 0.123148
1 0.321875 0.521296 0.026042 0.090741
1 0.279687 0.477315 0.022917 0.080556
1 0.053385 0.469444 0.020313 0.068519
1 0.006771 0.466667 0.013542 0.062963
