0 0.242448 0.448611 0.006771 0.010185
2 0.100781 0.443519 0.025521 0.111111
1 0.242708 0.493981 0.037500 0.115741
1 0.394271 0.518519 0.038542 0.120370
1 0.023438 0.880556 0.046875 0.177778
1 0.146875 0.346759 0.028125 0.086111
1 0.221094 0.415741 0.051562 0.092593
1 0.113021 0.360648 0.023958 0.099074
1 0.760677 0.527778 0.027604 0.107407
1 0.312500 0.436574 0.039583 0.100926
1 0.236198 0.279167 0.020313 0.084259
1 0.326042 0.341667 0.030208 0.087037
1 0.431250 0.404630 0.033333 0.090741
1 0.484635 0.455093 0.030729 0.100926
1 0.480469 0.418056 0.030729 0.087963
1 0.982552 0.717130 0.033854 0.149074
