0 0.364323 0.591204 0.006771 0.012037
1 0.168229 0.313426 0.017708 0.063889
2 0.783594 0.216667 0.011979 0.040741
2 0.806510 0.462037 0.039062 0.090741
1 0.359375 0.434259 0.038542 0.068519
1 0.330729 0.573148 0.034375 0.098148
1 0.530208 0.406944 0.028125 0.071296
1 0.417708 0.478704 0.027083 0.098148
1 0.326302 0.525463 0.029687 0.075000
1 0.358594 0.581481 0.029687 0.096296
1 0.388542 0.553241 0.025000 0.091667
1 0.234896 0.702778 0.034375 0.124074
1 0.769271 0.292593 0.022917 0.055556
1 0.706771 0.394907 0.029167 0.080556
1 0.750521 0.443981 0.025000 0.091667
1 0.671615 0.504167 0.041146 0.091667
1 0.838802 0.787963 0.030729 0.142593
1 0.873958 0.584259 0.032292 0.112963
