1 0.336198 0.317130 0.019271 0.060185
1 0.618229 0.449537 0.018750 0.071296
1 0.672656 0.490741 0.025521 0.068519
1 0.794010 0.481481 0.020313 0.077778
1 0.918490 0.672685 0.032813 0.075000
1 0.928385 0.567593 0.021354 0.083333
1 0.625000 0.550463 0.031250 0.082407
1 0.125260 0.604630 0.030729 0.077778
1 0.778385 0.540741 0.023438 0.087037
1 0.321615 0.598148 0.032813 0.083333
1 0.670052 0.473611 0.016146 0.076852
1 0.292187 0.486574 0.037500 0.069444
1 0.438542 0.434259 0.029167 0.066667
1 0.579948 0.430556 0.024479 0.061111
1 0.887240 0.643519 0.030729 0.075926
1 0.696094 0.493981 0.028646 0.071296
1 0.888542 0.559722 0.027083 0.076852
2 0.458594 0.405556 0.018229 0.057407
0 0.352865 0.688889 0.007812 0.011111
1 0.332292 0.456481 0.034375 0.059259
1 0.363802 0.654167 0.029687 0.073148
