1 0.708333 0.593981 0.023958 0.071296
1 0.495833 0.545370 0.021875 0.085185
1 0.675260 0.325463 0.017188 0.054630
1 0.682292 0.586111 0.021875 0.081481
1 0.737760 0.405556 0.019271 0.066667
1 0.695312 0.382407 0.017708 0.057407
1 0.469010 0.381944 0.020313 0.067593
1 0.157812 0.511111 0.021875 0.072222
1 0.359896 0.305093 0.014583 0.049074
1 0.629687 0.223148 0.013542 0.044444
1 0.402344 0.306481 0.018229 0.053704
1 0.032552 0.824537 0.029687 0.102778
1 0.500781 0.368056 0.021354 0.060185
1 0.179948 0.589815 0.025521 0.087037
1 0.775781 0.450463 0.020313 0.069444
1 0.695833 0.316667 0.016667 0.051852
1 0.142448 0.360185 0.021354 0.061111
2 0.486719 0.453704 0.018229 0.072222
1 0.147135 0.573611 0.023438 0.078704
1 0.129688 0.458333 0.019792 0.072222
2 0.138281 0.206481 0.009896 0.042593
