1 0.384115 0.923611 0.090104 0.150926
1 0.448958 0.335185 0.019792 0.074074
1 0.399219 0.329630 0.016146 0.070370
1 0.015625 0.536111 0.023958 0.109259
1 0.613542 0.467130 0.025000 0.097222
2 0.903125 0.438889 0.027083 0.090741
1 0.605208 0.287500 0.012500 0.056481
1 0.678646 0.384722 0.013542 0.082407
1 0.653906 0.375926 0.014063 0.081481
1 0.597917 0.386111 0.017708 0.077778
1 0.698177 0.460648 0.017188 0.093519
1 0.408333 0.508796 0.029167 0.095370
1 0.969792 0.327315 0.018750 0.071296
1 0.731771 0.382870 0.026042 0.082407
2 0.479948 0.274074 0.014063 0.053704
0 0.527604 0.327778 0.007292 0.007407
