1 0.502865 0.587500 0.023438 0.106481
0 0.523438 0.630093 0.009375 0.015741
1 0.484375 0.468981 0.019792 0.082407
1 0.358854 0.327778 0.017708 0.059259
2 0.410156 0.213426 0.006771 0.030556
1 0.513281 0.388426 0.014063 0.075000
1 0.593750 0.297222 0.010417 0.050000
1 0.726562 0.248148 0.008333 0.040741
1 0.774219 0.329167 0.011979 0.054630
1 0.778385 0.324074 0.007812 0.057407
1 0.854688 0.300926 0.008333 0.048148
1 0.881250 0.379167 0.011458 0.060185
1 0.892969 0.430556 0.016146 0.075926
1 0.741146 0.551389 0.020833 0.095370
1 0.955990 0.565278 0.027604 0.095370
1 0.916667 0.441204 0.019792 0.076852
1 0.962240 0.365741 0.011979 0.057407
1 0.981771 0.390278 0.013542 0.065741
2 0.744271 0.421759 0.014583 0.076852
1 0.680990 0.475926 0.023438 0.087037
1 0.932292 0.893519 0.034375 0.157407
1 0.371094 0.855093 0.040104 0.145370
1 0.032292 0.357407 0.016667 0.061111
