0 0.215365 0.327778 0.005729 0.009259
2 0.342187 0.498611 0.037500 0.110185
1 0.080469 0.585648 0.047396 0.128704
1 0.092448 0.669444 0.053646 0.137037
1 0.207813 0.299537 0.022917 0.067593
1 0.114844 0.450926 0.040104 0.107407
1 0.278385 0.384722 0.020313 0.093519
1 0.845313 0.713889 0.042708 0.142593
1 0.402344 0.481944 0.033854 0.108333
1 0.633854 0.335648 0.022917 0.082407
1 0.586458 0.345370 0.021875 0.087037
1 0.714323 0.380556 0.025521 0.096296
1 0.819531 0.457407 0.041146 0.096296
1 0.754948 0.443981 0.031771 0.091667
1 0.859896 0.800926 0.051042 0.151852
