1 0.579948 0.473148 0.024479 0.098148
1 0.905469 0.712037 0.029687 0.116667
1 0.891146 0.407407 0.025000 0.088889
1 0.268750 0.581481 0.028125 0.101852
1 0.423438 0.545833 0.033333 0.106481
1 0.520573 0.532407 0.038021 0.079630
1 0.147396 0.687037 0.038542 0.118519
1 0.390625 0.502315 0.017708 0.097222
1 0.550521 0.540278 0.031250 0.095370
1 0.570312 0.535185 0.032292 0.085185
2 0.448177 0.650463 0.030729 0.112037
0 0.565104 0.578704 0.007292 0.012963
1 0.410156 0.481944 0.026562 0.097222
1 0.506510 0.487963 0.027604 0.090741
2 0.642188 0.268519 0.017708 0.072222
1 0.179167 0.629630 0.023958 0.107407
