1 0.568750 0.467593 0.021875 0.096296
1 0.938021 0.703704 0.022917 0.111111
1 0.867448 0.457407 0.019271 0.094444
1 0.280990 0.568981 0.031771 0.097222
1 0.512240 0.544907 0.023438 0.095370
1 0.470573 0.554167 0.027604 0.099074
1 0.202344 0.674074 0.038021 0.125926
1 0.394792 0.507407 0.023958 0.096296
1 0.511198 0.523148 0.016146 0.096296
1 0.605208 0.538426 0.023958 0.093519
1 0.834115 0.920833 0.042188 0.132407
1 0.981771 0.662963 0.015625 0.111111
2 0.545573 0.664352 0.029687 0.115741
0 0.542448 0.550463 0.006771 0.012037
1 0.427344 0.477778 0.022396 0.098148
1 0.501563 0.438889 0.030208 0.087037
2 0.702865 0.268519 0.014063 0.074074
1 0.353906 0.515278 0.018229 0.093519
