1 0.426042 0.765741 0.051042 0.188889
1 0.735417 0.443519 0.025000 0.105556
1 0.726302 0.662963 0.036979 0.155556
0 0.697396 0.376389 0.007292 0.012037
2 0.880729 0.672685 0.033333 0.154630
1 0.326302 0.709259 0.047396 0.166667
1 0.820833 0.437037 0.023958 0.094444
1 0.658594 0.526389 0.032813 0.136111
1 0.738021 0.443056 0.027083 0.099074
1 0.618229 0.519444 0.032292 0.129630
1 0.385677 0.612500 0.038021 0.150926
1 0.661719 0.501389 0.026562 0.108333
1 0.596875 0.505556 0.023958 0.124074
1 0.379427 0.460648 0.021354 0.102778
