1 0.437760 0.914352 0.042188 0.167593
1 0.491406 0.571296 0.029687 0.144444
1 0.525781 0.450463 0.036979 0.106481
1 0.474219 0.360648 0.018229 0.093519
1 0.148698 0.429167 0.022396 0.126852
1 0.253385 0.281481 0.017188 0.075926
1 0.507031 0.254167 0.014063 0.078704
2 0.657292 0.340741 0.022917 0.094444
2 0.126823 0.226852 0.014063 0.068519
1 0.555469 0.578241 0.031771 0.143519
1 0.511198 0.366667 0.019271 0.096296
1 0.877344 0.514815 0.032813 0.138889
1 0.944792 0.434259 0.027083 0.114815
1 0.793229 0.380556 0.015625 0.107407
1 0.895312 0.275000 0.016667 0.079630
0 0.513281 0.495370 0.008854 0.014815
