1 0.440625 0.953241 0.052083 0.089815
1 0.487760 0.600926 0.034896 0.146296
1 0.530729 0.475000 0.029167 0.120370
1 0.469271 0.387500 0.018750 0.095370
1 0.141146 0.457870 0.022917 0.128704
1 0.249219 0.306944 0.017188 0.076852
1 0.506510 0.278241 0.014063 0.078704
2 0.658594 0.366667 0.018229 0.098148
2 0.110677 0.252778 0.011979 0.072222
1 0.559375 0.625000 0.027083 0.151852
1 0.510677 0.393056 0.020313 0.099074
1 0.880469 0.546296 0.031771 0.138889
1 0.969531 0.456481 0.025521 0.116667
1 0.799740 0.408333 0.015104 0.109259
1 0.912500 0.298611 0.016667 0.082407
0 0.513021 0.524074 0.008333 0.014815
