1 0.491927 0.640278 0.018229 0.075000
1 0.273698 0.628241 0.026562 0.084259
1 0.960417 0.388426 0.016667 0.052778
1 0.458594 0.377778 0.016146 0.053704
1 0.467708 0.644444 0.023958 0.085185
1 0.537500 0.459259 0.018750 0.070370
1 0.485156 0.442593 0.016146 0.057407
1 0.254427 0.453241 0.023438 0.067593
1 0.136198 0.372222 0.015104 0.050000
1 0.418750 0.275926 0.012500 0.046296
1 0.164323 0.374537 0.018229 0.054630
1 0.286198 0.438889 0.017188 0.061111
1 0.568490 0.495370 0.018229 0.072222
1 0.488802 0.366667 0.014063 0.051852
2 0.285156 0.532407 0.019271 0.072222
2 0.952604 0.833333 0.017708 0.096296
