0 0.598958 0.306944 0.006250 0.010185
2 0.299740 0.205556 0.018229 0.055556
2 0.569531 0.487037 0.046354 0.112963
1 0.011458 0.433333 0.022917 0.101852
1 0.273698 0.392593 0.034896 0.094444
1 0.292969 0.565741 0.035937 0.118519
1 0.137500 0.574074 0.055208 0.120370
1 0.558333 0.281481 0.023958 0.066667
1 0.327604 0.393056 0.041667 0.091667
1 0.493229 0.380093 0.029167 0.091667
1 0.304427 0.457407 0.040104 0.105556
1 0.843750 0.751852 0.053125 0.138889
1 0.512760 0.450000 0.045312 0.096296
1 0.876563 0.374537 0.039583 0.091667
1 0.870313 0.338889 0.034375 0.079630
1 0.945833 0.385648 0.033333 0.097222
1 0.971354 0.512037 0.039583 0.105556
1 0.969792 0.449537 0.053125 0.089815
