1 0.622135 0.429167 0.022396 0.071296
1 0.733854 0.391204 0.019792 0.069444
1 0.740104 0.487500 0.029167 0.086111
1 0.839063 0.517593 0.019792 0.088889
0 0.721354 0.617593 0.009375 0.016667
1 0.726823 0.606944 0.036979 0.087963
1 0.733073 0.578704 0.020313 0.079630
1 0.720052 0.489815 0.017188 0.079630
1 0.818750 0.498611 0.020833 0.091667
1 0.561458 0.472222 0.023958 0.087037
1 0.874740 0.606481 0.026562 0.101852
2 0.380729 0.507870 0.035417 0.084259
1 0.434896 0.445370 0.020833 0.074074
1 0.418490 0.406481 0.019271 0.062963
1 0.585156 0.477315 0.022396 0.084259
1 0.439063 0.682407 0.029167 0.122222
1 0.316406 0.527315 0.035937 0.095370
1 0.272396 0.478704 0.027083 0.087037
1 0.040625 0.468981 0.027083 0.067593
