1 0.597917 0.527778 0.020833 0.107407
0 0.610938 0.552778 0.008333 0.014815
1 0.522396 0.336574 0.015625 0.071296
1 0.341927 0.287500 0.015104 0.065741
2 0.382031 0.161574 0.006771 0.032407
1 0.453125 0.224537 0.010417 0.047222
1 0.686198 0.172685 0.008854 0.037963
1 0.824219 0.279630 0.014063 0.057407
1 0.778125 0.271759 0.014583 0.060185
1 0.871615 0.235648 0.016146 0.049074
1 0.926823 0.313426 0.014063 0.058333
1 0.697656 0.439352 0.026562 0.089815
1 0.914583 0.263889 0.013542 0.053704
2 0.761458 0.310648 0.014583 0.067593
1 0.773438 0.399537 0.021875 0.087963
1 0.689063 0.737037 0.052083 0.135185
1 0.909115 0.540741 0.026562 0.107407
1 0.929167 0.263889 0.010417 0.050000
1 0.661979 0.863889 0.031250 0.142593
