1 0.606250 0.698148 0.051042 0.140741
1 0.972917 0.359722 0.023958 0.075000
1 0.571875 0.391204 0.019792 0.080556
1 0.839323 0.522222 0.024479 0.107407
1 0.942708 0.439815 0.025000 0.094444
0 0.577604 0.672222 0.010417 0.016667
2 0.838021 0.473148 0.025000 0.090741
1 0.597396 0.475000 0.030208 0.094444
1 0.627604 0.369907 0.029167 0.075000
1 0.709375 0.422685 0.028125 0.091667
1 0.668750 0.377778 0.019792 0.074074
1 0.476823 0.402315 0.023438 0.099074
2 0.820833 0.319444 0.011458 0.068519
1 0.388802 0.447222 0.024479 0.083333
1 0.723437 0.399074 0.028125 0.077778
1 0.547656 0.406019 0.027604 0.086111
1 0.456510 0.426389 0.027604 0.095370
1 0.032813 0.424074 0.023958 0.100000
