1 0.609375 0.691204 0.045833 0.145370
1 0.598437 0.393056 0.020833 0.080556
1 0.841927 0.521296 0.036979 0.111111
1 0.965104 0.444444 0.028125 0.096296
0 0.587240 0.679167 0.009896 0.015741
2 0.861719 0.477778 0.025521 0.092593
1 0.599740 0.477778 0.027604 0.094444
1 0.653125 0.373148 0.031250 0.075926
1 0.725260 0.422685 0.029687 0.093519
1 0.688281 0.378704 0.022396 0.074074
1 0.505990 0.400000 0.025521 0.103704
2 0.850000 0.319444 0.018750 0.068519
1 0.405469 0.449074 0.025521 0.085185
1 0.737760 0.399074 0.022396 0.077778
1 0.565365 0.407407 0.027604 0.085185
1 0.474740 0.427315 0.026562 0.097222
1 0.063542 0.420833 0.026042 0.099074
