1 0.985677 0.730556 0.027604 0.124074
2 0.819531 0.360185 0.013021 0.051852
1 0.847396 0.719444 0.040625 0.129630
1 0.775000 0.789352 0.038542 0.141667
1 0.409115 0.869907 0.027604 0.160185
2 0.658073 0.590278 0.028646 0.125000
1 0.927865 0.536111 0.025521 0.088889
1 0.606510 0.654630 0.022396 0.122222
1 0.665365 0.537963 0.020313 0.096296
1 0.707031 0.574537 0.025521 0.100926
1 0.691667 0.593056 0.034375 0.036111
1 0.518490 0.489352 0.020313 0.080556
1 0.432031 0.515278 0.017188 0.086111
1 0.472917 0.557407 0.021875 0.092593
1 0.663802 0.591204 0.018229 0.106481
1 0.327865 0.468056 0.019271 0.080556
