1 0.042969 0.581019 0.030729 0.108333
1 0.283333 0.709259 0.043750 0.125926
1 0.141406 0.483796 0.022396 0.102778
1 0.163802 0.468519 0.027604 0.090741
1 0.121354 0.512963 0.021875 0.103704
1 0.219271 0.505093 0.029167 0.097222
2 0.538802 0.604630 0.046354 0.114815
1 0.670833 0.406481 0.022917 0.068519
1 0.317708 0.445370 0.023958 0.090741
1 0.540365 0.428704 0.021354 0.090741
1 0.489844 0.471296 0.029687 0.092593
1 0.466667 0.503704 0.029167 0.094444
1 0.380469 0.570833 0.027604 0.108333
1 0.398438 0.500463 0.023958 0.093519
1 0.489844 0.431944 0.028646 0.086111
1 0.614583 0.378241 0.028125 0.075000
2 0.461719 0.307870 0.018229 0.056481
0 0.729427 0.428241 0.006771 0.010185
1 0.567187 0.418981 0.033333 0.071296
1 0.898698 0.651852 0.054688 0.109259
