1 0.327083 0.322222 0.026042 0.062963
1 0.189844 0.341204 0.013021 0.065741
1 0.606771 0.498148 0.019792 0.085185
1 0.710417 0.547222 0.017708 0.098148
1 0.630990 0.676852 0.022396 0.096296
1 0.648958 0.625000 0.023958 0.103704
1 0.562760 0.616667 0.018229 0.101852
1 0.294271 0.624537 0.014583 0.095370
1 0.728125 0.540741 0.016667 0.098148
1 0.718490 0.545370 0.017188 0.096296
1 0.625260 0.513426 0.015104 0.087963
1 0.614583 0.497685 0.017708 0.078704
1 0.308333 0.621759 0.022917 0.093519
1 0.255729 0.393519 0.019792 0.074074
1 0.416146 0.397685 0.015625 0.065741
1 0.628646 0.665741 0.016667 0.098148
1 0.576042 0.618519 0.019792 0.100000
1 0.665104 0.618981 0.017708 0.095370
2 0.193490 0.485648 0.018229 0.084259
0 0.288802 0.353704 0.004687 0.007407
