1 0.605729 0.671296 0.038542 0.144444
1 0.753125 0.397222 0.027083 0.090741
1 0.847135 0.556481 0.034896 0.125926
0 0.556250 0.714352 0.010417 0.017593
2 0.980208 0.520833 0.033333 0.119444
1 0.596875 0.526389 0.032292 0.123148
1 0.773177 0.387500 0.021354 0.091667
1 0.793229 0.441667 0.031250 0.111111
1 0.799219 0.388426 0.041146 0.080556
1 0.662500 0.411111 0.022917 0.100000
1 0.458594 0.491204 0.030729 0.115741
1 0.872135 0.403241 0.022396 0.100926
1 0.646615 0.410185 0.024479 0.088889
1 0.571354 0.432870 0.029167 0.100926
1 0.222917 0.410185 0.031250 0.098148
