2 0.105990 0.193981 0.007812 0.032407
1 0.028125 0.343056 0.016667 0.065741
1 0.354167 0.413889 0.020833 0.087037
1 0.164583 0.533796 0.022917 0.108333
1 0.045573 0.748148 0.039062 0.142593
1 0.434635 0.695370 0.031771 0.129630
1 0.936458 0.439815 0.023958 0.094444
1 0.231250 0.329167 0.012500 0.065741
1 0.716667 0.530093 0.028125 0.108333
1 0.194792 0.511574 0.020833 0.099074
1 0.208333 0.340278 0.017708 0.065741
1 0.173958 0.223148 0.009375 0.040741
1 0.466667 0.257870 0.011458 0.050926
1 0.658594 0.400000 0.018229 0.079630
1 0.779687 0.278241 0.012500 0.054630
1 0.722917 0.774537 0.034375 0.136111
1 0.151562 0.767593 0.034375 0.144444
2 0.292448 0.417130 0.017188 0.084259
0 0.721875 0.733333 0.007292 0.018519
