1 0.605208 0.466667 0.016667 0.081481
1 0.994531 0.502778 0.009896 0.090741
1 0.335938 0.591204 0.023958 0.097222
1 0.509635 0.507407 0.026562 0.096296
1 0.347917 0.660185 0.023958 0.107407
1 0.387500 0.691667 0.028125 0.118519
1 0.361458 0.509722 0.026042 0.093519
1 0.621094 0.478704 0.023438 0.075926
1 0.545573 0.576852 0.022396 0.094444
1 0.720313 0.936574 0.038542 0.125000
2 0.513542 0.700926 0.032292 0.111111
0 0.616406 0.463889 0.009896 0.012963
1 0.498437 0.459722 0.019792 0.086111
1 0.554948 0.437037 0.018229 0.077778
2 0.785937 0.269444 0.014583 0.068519
1 0.384115 0.530093 0.022396 0.093519
1 0.169792 0.460648 0.025000 0.080556
