1 0.192969 0.855556 0.054688 0.124074
1 0.987240 0.519907 0.024479 0.093519
1 0.925260 0.355093 0.017188 0.078704
1 0.564323 0.435185 0.019271 0.083333
1 0.803385 0.274537 0.019271 0.060185
1 0.933594 0.273611 0.017188 0.063889
1 0.358594 0.703704 0.031771 0.101852
1 0.981510 0.343519 0.025521 0.074074
1 0.618490 0.506019 0.022396 0.087963
1 0.593750 0.282407 0.019792 0.068519
2 0.921615 0.406481 0.018229 0.079630
1 0.464062 0.533333 0.023958 0.088889
1 0.553646 0.363889 0.019792 0.072222
2 0.523438 0.122685 0.009375 0.047222
