1 0.134115 0.556481 0.027604 0.101852
1 0.310417 0.679630 0.040625 0.125926
1 0.226302 0.479630 0.025521 0.103704
1 0.247396 0.467130 0.017708 0.091667
1 0.238021 0.493981 0.020833 0.100926
1 0.326302 0.499537 0.026562 0.099074
2 0.542708 0.613426 0.045833 0.117593
1 0.668229 0.409722 0.027083 0.067593
1 0.414062 0.442593 0.023958 0.088889
1 0.645312 0.434259 0.028125 0.088889
1 0.551042 0.460648 0.020833 0.076852
1 0.550521 0.515278 0.026042 0.095370
1 0.481250 0.575463 0.027083 0.104630
1 0.492448 0.495370 0.024479 0.090741
1 0.550521 0.439815 0.019792 0.075926
1 0.646615 0.370833 0.022396 0.071296
2 0.565365 0.305556 0.020313 0.057407
0 0.717448 0.456019 0.006771 0.010185
1 0.666927 0.440278 0.038021 0.065741
1 0.919271 0.664352 0.039583 0.115741
