1 0.120313 0.454167 0.025000 0.069444
1 0.366667 0.543056 0.021875 0.104630
1 0.448698 0.595370 0.020313 0.124074
1 0.427865 0.488426 0.032813 0.113889
1 0.417969 0.487500 0.020313 0.102778
1 0.513802 0.481944 0.033854 0.099074
1 0.587760 0.515741 0.017188 0.112963
2 0.632552 0.643981 0.029687 0.132407
1 0.614062 0.423611 0.018750 0.086111
1 0.679427 0.453704 0.027604 0.100000
1 0.835938 0.479630 0.027083 0.109259
1 0.844531 0.530093 0.027604 0.099074
1 0.873177 0.590278 0.033854 0.123148
1 0.870052 0.614352 0.043229 0.125000
1 0.801042 0.537037 0.029167 0.098148
1 0.633333 0.504167 0.019792 0.108333
1 0.761719 0.360185 0.020313 0.087037
2 0.890885 0.297685 0.017188 0.065741
0 0.790104 0.558333 0.008333 0.012963
