1 0.322135 0.924537 0.092188 0.149074
1 0.446094 0.388426 0.023438 0.069444
1 0.225000 0.362037 0.016667 0.074074
1 0.505729 0.480556 0.021875 0.100000
2 0.843750 0.448148 0.029167 0.088889
1 0.571615 0.301852 0.019271 0.061111
1 0.531771 0.392130 0.019792 0.084259
1 0.491406 0.387037 0.024479 0.070370
1 0.891667 0.424074 0.021875 0.083333
1 0.496354 0.389352 0.033333 0.069444
1 0.594271 0.462037 0.020833 0.092593
1 0.366927 0.514815 0.019271 0.098148
1 0.811198 0.341667 0.014063 0.066667
1 0.598177 0.388889 0.015104 0.085185
2 0.349740 0.287500 0.014063 0.056481
0 0.400781 0.391667 0.006771 0.009259
1 0.868229 0.412963 0.013542 0.085185
