2 0.292708 0.258796 0.006250 0.030556
1 0.267708 0.310648 0.009375 0.045370
1 0.348438 0.359259 0.012500 0.059259
1 0.338281 0.428704 0.016146 0.072222
1 0.207292 0.428241 0.016667 0.069444
1 0.176823 0.356944 0.014063 0.056481
1 0.060417 0.527778 0.019792 0.087037
1 0.370312 0.520370 0.029167 0.085185
1 0.463542 0.321296 0.012500 0.051852
1 0.510417 0.324074 0.009375 0.048148
1 0.494271 0.423611 0.014583 0.069444
1 0.501823 0.430093 0.017188 0.069444
1 0.491146 0.369444 0.025000 0.053704
1 0.500260 0.326389 0.011979 0.049074
1 0.500781 0.261111 0.006771 0.033333
1 0.603385 0.282870 0.008854 0.039815
1 0.659635 0.367130 0.011979 0.058333
1 0.787500 0.335185 0.013542 0.050000
1 0.895573 0.443056 0.019271 0.073148
1 0.804167 0.593981 0.025000 0.095370
1 0.500000 0.745833 0.027083 0.125000
2 0.612500 0.462500 0.020833 0.078704
0 0.499479 0.391667 0.004167 0.007407
