1 0.958333 0.403241 0.023958 0.067593
0 0.316667 0.556481 0.008333 0.014815
1 0.811458 0.539352 0.027083 0.093519
2 0.127604 0.284259 0.019792 0.037037
1 0.838542 0.536574 0.033333 0.095370
1 0.804427 0.504167 0.029687 0.104630
2 0.604427 0.446296 0.032813 0.070370
1 0.717187 0.400000 0.028125 0.072222
1 0.663802 0.343519 0.024479 0.055556
1 0.847656 0.453241 0.028646 0.084259
1 0.712240 0.596759 0.032813 0.099074
1 0.488021 0.484722 0.029167 0.087963
1 0.548438 0.418981 0.031250 0.069444
1 0.300260 0.505093 0.028646 0.084259
1 0.297656 0.437037 0.032813 0.072222
1 0.119010 0.931944 0.063021 0.134259
1 0.079687 0.788889 0.066667 0.137037
