1 0.951562 0.331944 0.016667 0.071296
1 0.372656 0.348611 0.019271 0.087963
1 0.454167 0.208333 0.015625 0.040741
1 0.812500 0.194907 0.017708 0.054630
2 0.930729 0.339352 0.027083 0.075000
2 0.416927 0.154630 0.009896 0.038889
1 0.502344 0.474537 0.023438 0.091667
1 0.436198 0.297685 0.016146 0.071296
1 0.898438 0.611111 0.061458 0.116667
1 0.880729 0.405093 0.029167 0.082407
1 0.854688 0.321296 0.027083 0.072222
1 0.938021 0.244907 0.021875 0.052778
0 0.327604 0.795833 0.017708 0.021296
1 0.266146 0.250926 0.017708 0.064815
1 0.298698 0.734259 0.060937 0.157407
