1 0.187240 0.858333 0.049479 0.125926
1 0.935677 0.510648 0.030729 0.093519
1 0.875000 0.345833 0.022917 0.075000
1 0.529948 0.433333 0.018229 0.077778
1 0.758854 0.268981 0.017708 0.060185
1 0.872135 0.270833 0.017188 0.063889
1 0.327083 0.700463 0.026042 0.100926
1 0.928646 0.337037 0.022917 0.072222
1 0.572396 0.502315 0.029167 0.087963
1 0.549740 0.282870 0.022396 0.069444
2 0.878385 0.402778 0.019271 0.079630
1 0.444792 0.525000 0.019792 0.088889
1 0.515365 0.364352 0.023438 0.073148
2 0.490365 0.126389 0.010937 0.045370
