1 0.444271 0.927778 0.065625 0.140741
1 0.492708 0.585185 0.028125 0.146296
1 0.523177 0.463426 0.036979 0.106481
1 0.470833 0.372685 0.018750 0.095370
1 0.143750 0.441204 0.022917 0.126852
1 0.249219 0.293056 0.016146 0.076852
1 0.505469 0.264815 0.014063 0.077778
2 0.655729 0.352778 0.019792 0.098148
2 0.118229 0.239815 0.013542 0.072222
1 0.559896 0.599074 0.026042 0.146296
1 0.509115 0.375926 0.019271 0.092593
1 0.882292 0.529630 0.032292 0.137037
1 0.955469 0.445833 0.028646 0.115741
1 0.795312 0.394444 0.015625 0.107407
1 0.898698 0.285185 0.017188 0.083333
0 0.511719 0.508333 0.008854 0.014815
