1 0.879687 0.561574 0.030208 0.091667
1 0.588021 0.374074 0.026042 0.072222
1 0.491146 0.355556 0.020833 0.064815
1 0.340365 0.235648 0.018229 0.054630
2 0.514583 0.355556 0.020833 0.072222
1 0.042969 0.631019 0.038021 0.123148
1 0.567187 0.602778 0.042708 0.127778
1 0.488542 0.433333 0.032292 0.087037
1 0.435677 0.359259 0.026562 0.077778
1 0.484635 0.263426 0.023438 0.052778
0 0.852865 0.726852 0.013021 0.018519
1 0.598177 0.309722 0.027604 0.058333
1 0.700781 0.364352 0.030729 0.078704
1 0.857812 0.650926 0.023958 0.124074
1 0.956771 0.506019 0.032292 0.082407
1 0.959375 0.296759 0.018750 0.062037
