2 0.187760 0.334722 0.009896 0.041667
1 0.251563 0.382407 0.015625 0.050000
1 0.479948 0.409722 0.016146 0.065741
1 0.218490 0.479630 0.019271 0.083333
1 0.008854 0.508796 0.017708 0.078704
1 0.014063 0.444907 0.026042 0.065741
1 0.238542 0.596759 0.019792 0.095370
1 0.699219 0.408333 0.018229 0.059259
1 0.604948 0.379167 0.023438 0.045370
1 0.655469 0.502778 0.021354 0.079630
1 0.078125 0.560648 0.031250 0.089815
1 0.031771 0.487500 0.018750 0.073148
1 0.495312 0.401389 0.010417 0.060185
1 0.386458 0.343981 0.012500 0.043519
1 0.677604 0.380093 0.016667 0.049074
1 0.669271 0.456944 0.016667 0.067593
1 0.871615 0.401852 0.019271 0.057407
1 0.925781 0.565278 0.023438 0.099074
1 0.744531 0.739352 0.033854 0.125000
2 0.267708 0.500000 0.020833 0.081481
0 0.685156 0.400926 0.004687 0.007407
