1 0.992448 0.710185 0.014063 0.162963
1 0.294010 0.610185 0.027604 0.144444
1 0.815365 0.528704 0.022396 0.129630
1 0.364844 0.629630 0.031771 0.148148
1 0.793490 0.621759 0.042188 0.119444
1 0.775260 0.539352 0.025521 0.130556
1 0.317188 0.637500 0.037500 0.147222
2 0.555208 0.675463 0.034375 0.163889
0 0.528125 0.544444 0.017708 0.016667
1 0.576042 0.587963 0.035417 0.138889
1 0.667448 0.582407 0.055729 0.111111
1 0.774740 0.563426 0.026562 0.132407
1 0.260156 0.518056 0.043229 0.086111
1 0.646875 0.709259 0.034375 0.172222
1 0.728646 0.706481 0.041667 0.157407
