1 0.219531 0.602315 0.028646 0.137963
1 0.813802 0.527778 0.041146 0.111111
1 0.327865 0.671296 0.031771 0.159259
1 0.866146 0.622222 0.051042 0.124074
1 0.766406 0.523611 0.033854 0.102778
1 0.212240 0.683333 0.033854 0.161111
2 0.548438 0.675000 0.036458 0.151852
0 0.800000 0.569907 0.007292 0.013889
1 0.401302 0.580556 0.036979 0.133333
1 0.534896 0.548611 0.052083 0.121296
1 0.721615 0.528241 0.038021 0.110185
1 0.254688 0.507407 0.029167 0.083333
1 0.739062 0.818056 0.036458 0.199074
1 0.826562 0.759722 0.038542 0.171296
