1 0.926042 0.330556 0.016667 0.070370
1 0.339323 0.356481 0.020313 0.083333
1 0.419531 0.210185 0.016146 0.040741
1 0.781510 0.195370 0.018229 0.053704
2 0.908594 0.335185 0.023438 0.074074
2 0.384115 0.155093 0.009896 0.037963
1 0.471875 0.481944 0.029167 0.102778
1 0.399219 0.302315 0.017188 0.069444
1 0.885417 0.605556 0.068750 0.114815
1 0.855729 0.404630 0.032292 0.083333
1 0.833854 0.321759 0.022917 0.069444
1 0.903646 0.242130 0.022917 0.052778
0 0.414062 0.768056 0.023958 0.021296
1 0.238281 0.255556 0.022396 0.066667
1 0.285417 0.743056 0.052083 0.134259
