1 0.439323 0.932407 0.055729 0.131481
1 0.491927 0.587963 0.027604 0.146296
1 0.523177 0.464815 0.034896 0.109259
1 0.469792 0.374537 0.018750 0.095370
1 0.142969 0.443519 0.023438 0.127778
1 0.248958 0.293981 0.016667 0.076852
1 0.505469 0.265741 0.014063 0.077778
2 0.656510 0.354167 0.019271 0.099074
2 0.117448 0.239815 0.011979 0.072222
1 0.560937 0.601852 0.027083 0.146296
1 0.509375 0.379630 0.019792 0.096296
1 0.883073 0.531944 0.031771 0.137963
1 0.957031 0.445833 0.028646 0.115741
1 0.795833 0.396296 0.015625 0.107407
1 0.901302 0.286574 0.017188 0.084259
0 0.511719 0.510185 0.008854 0.014815
