2 0.801562 0.359259 0.014583 0.051852
1 0.866406 0.731019 0.036979 0.123148
1 0.849219 0.833333 0.044271 0.148148
1 0.398698 0.899537 0.030729 0.167593
2 0.646094 0.589352 0.026562 0.128704
1 0.943490 0.542130 0.027604 0.091667
1 0.603906 0.663426 0.026562 0.123148
1 0.663542 0.536574 0.021875 0.097222
1 0.705208 0.568981 0.021875 0.097222
1 0.681771 0.595833 0.037500 0.030556
1 0.488542 0.486111 0.021875 0.077778
1 0.424219 0.520370 0.018229 0.087037
1 0.476302 0.553704 0.021354 0.092593
1 0.654167 0.592130 0.020833 0.106481
1 0.321354 0.468519 0.015625 0.079630
