1 0.894010 0.744907 0.020313 0.078704
0 0.885156 0.734259 0.004687 0.009259
1 0.367448 0.521296 0.017188 0.066667
1 0.355729 0.508796 0.017708 0.065741
1 0.329427 0.483796 0.011979 0.058333
1 0.316146 0.468056 0.013542 0.056481
1 0.298698 0.501389 0.015104 0.060185
1 0.109375 0.522685 0.013542 0.065741
1 0.161198 0.514815 0.013021 0.062963
1 0.182552 0.515278 0.017188 0.065741
1 0.184896 0.619907 0.015625 0.073148
1 0.113542 0.580556 0.014583 0.066667
1 0.076042 0.535185 0.015625 0.064815
1 0.290625 0.506019 0.010417 0.060185
1 0.079948 0.613889 0.017188 0.070370
1 0.126042 0.523611 0.016667 0.060185
1 0.090365 0.526389 0.013021 0.071296
1 0.063542 0.539352 0.013542 0.063889
1 0.099479 0.525463 0.011458 0.067593
1 0.103646 0.521759 0.016667 0.071296
