1 0.107292 0.457870 0.020833 0.089815
1 0.359635 0.562500 0.027604 0.100926
1 0.453385 0.661111 0.031771 0.118519
1 0.445312 0.514815 0.032292 0.109259
1 0.451823 0.499537 0.027604 0.100926
1 0.534375 0.495833 0.022917 0.102778
1 0.599740 0.532407 0.023438 0.109259
2 0.643750 0.674074 0.043750 0.122222
1 0.699479 0.449074 0.038542 0.068519
1 0.684635 0.474074 0.022396 0.100000
1 0.885677 0.490278 0.028646 0.102778
1 0.762760 0.491667 0.023438 0.074074
1 0.827865 0.589352 0.030729 0.117593
1 0.801562 0.625000 0.023958 0.127778
1 0.760156 0.529630 0.031771 0.096296
1 0.676042 0.507870 0.041667 0.086111
1 0.808594 0.383796 0.032813 0.073148
2 0.885156 0.317130 0.021354 0.065741
0 0.828906 0.537037 0.007812 0.012963
