1 0.316667 0.768981 0.054167 0.137963
2 0.498437 0.553704 0.034375 0.107407
1 0.567187 0.354630 0.018750 0.064815
1 0.153646 0.417130 0.030208 0.089815
1 0.288281 0.481019 0.038021 0.093519
1 0.182812 0.472685 0.036458 0.091667
1 0.052604 0.582407 0.038542 0.111111
1 0.048698 0.524537 0.033854 0.104630
1 0.237240 0.397685 0.025521 0.080556
1 0.527865 0.378704 0.030729 0.077778
2 0.107552 0.316204 0.020313 0.060185
0 0.589323 0.384259 0.006771 0.009259
1 0.360677 0.411574 0.025521 0.080556
1 0.887240 0.632870 0.043229 0.113889
1 0.865625 0.403704 0.036458 0.087037
