1 0.386198 0.923611 0.093229 0.150926
1 0.451042 0.334722 0.017708 0.075000
1 0.400781 0.329630 0.016146 0.070370
1 0.016927 0.535648 0.024479 0.108333
1 0.614062 0.468056 0.022917 0.097222
2 0.905729 0.438889 0.029167 0.090741
1 0.607292 0.287037 0.012500 0.057407
1 0.680208 0.383796 0.012500 0.082407
1 0.654948 0.375926 0.014063 0.081481
1 0.599219 0.386574 0.018229 0.078704
1 0.699479 0.460648 0.015625 0.093519
1 0.411719 0.508333 0.031771 0.094444
1 0.969531 0.327315 0.020313 0.071296
1 0.731510 0.384259 0.028646 0.081481
2 0.482292 0.274074 0.014583 0.053704
0 0.520312 0.328704 0.007292 0.007407
