0 0.639323 0.326852 0.006771 0.011111
2 0.404687 0.196759 0.015625 0.056481
2 0.607292 0.496296 0.035417 0.112963
1 0.052865 0.431944 0.040104 0.100926
1 0.335938 0.393981 0.028125 0.095370
1 0.318750 0.567130 0.042708 0.123148
1 0.155990 0.566667 0.039062 0.122222
1 0.605469 0.282407 0.022396 0.066667
1 0.369792 0.385185 0.037500 0.088889
1 0.518229 0.388889 0.032292 0.092593
1 0.355469 0.458333 0.035937 0.107407
1 0.851042 0.766667 0.061458 0.150000
1 0.523177 0.456019 0.044271 0.093519
1 0.924219 0.388889 0.041146 0.098148
1 0.938021 0.352778 0.029167 0.088889
1 0.986979 0.410648 0.025000 0.086111
1 0.997396 0.588426 0.004167 0.021296
