1 0.617448 0.518519 0.022396 0.105556
0 0.656250 0.547685 0.008333 0.013889
1 0.537500 0.341204 0.016667 0.073148
1 0.368750 0.273611 0.010417 0.063889
2 0.419010 0.153704 0.004687 0.033333
1 0.470573 0.652315 0.026562 0.143519
1 0.542188 0.249074 0.011458 0.053704
1 0.740625 0.175000 0.007292 0.037037
1 0.851823 0.280556 0.016146 0.057407
1 0.784896 0.259259 0.012500 0.057407
1 0.902083 0.247222 0.014583 0.051852
1 0.925000 0.309259 0.015625 0.059259
1 0.819792 0.534259 0.028125 0.105556
1 0.995573 0.302778 0.007812 0.059259
2 0.792188 0.506944 0.017708 0.102778
1 0.815104 0.395833 0.016667 0.087963
1 0.891927 0.902778 0.035937 0.129630
1 0.419271 0.810648 0.032292 0.149074
1 0.009896 0.313426 0.013542 0.069444
