1 0.315104 0.923148 0.089583 0.151852
1 0.422396 0.389352 0.022917 0.073148
1 0.213021 0.362037 0.016667 0.074074
1 0.491667 0.477778 0.020833 0.098148
2 0.830990 0.446296 0.025521 0.088889
1 0.563542 0.301852 0.014583 0.059259
1 0.516667 0.391667 0.020833 0.083333
1 0.479948 0.384259 0.028646 0.070370
1 0.876563 0.422685 0.019792 0.084259
1 0.489063 0.390278 0.026042 0.067593
1 0.584375 0.461574 0.019792 0.091667
1 0.355208 0.513426 0.022917 0.097222
1 0.796615 0.339352 0.013021 0.067593
1 0.588802 0.389352 0.020313 0.082407
2 0.334375 0.288889 0.012500 0.055556
0 0.421875 0.399074 0.007292 0.009259
1 0.853385 0.412037 0.013021 0.085185
