1 0.638802 0.544907 0.020313 0.102778
0 0.643750 0.569444 0.007292 0.014815
1 0.540104 0.356944 0.012500 0.062037
1 0.394792 0.316667 0.014583 0.061111
2 0.437500 0.203241 0.006250 0.030556
1 0.084896 0.939815 0.032292 0.037037
1 0.500260 0.273148 0.008854 0.048148
1 0.718750 0.222685 0.007292 0.036111
1 0.833073 0.317593 0.014063 0.053704
1 0.709635 0.303704 0.015104 0.053704
1 0.879687 0.281019 0.008333 0.043519
1 0.924479 0.353704 0.016667 0.055556
1 0.977604 0.660648 0.032292 0.113889
1 0.933073 0.315741 0.010937 0.050000
2 0.761198 0.398148 0.014063 0.072222
1 0.796094 0.429630 0.018229 0.081481
1 0.639844 0.827315 0.042188 0.143519
1 0.779427 0.497685 0.021354 0.086111
1 0.054427 0.346296 0.013021 0.059259
1 0.959635 0.326389 0.010937 0.050926
