0 0.484896 0.294444 0.006250 0.009259
2 0.134115 0.223611 0.020313 0.062037
2 0.515885 0.485185 0.042188 0.111111
1 0.167448 0.400926 0.038021 0.096296
1 0.248438 0.566667 0.039583 0.122222
1 0.124219 0.606944 0.034896 0.126852
1 0.444792 0.267130 0.023958 0.058333
1 0.274479 0.412037 0.028125 0.098148
1 0.447917 0.375000 0.032292 0.094444
1 0.222656 0.471296 0.050521 0.109259
1 0.850521 0.738426 0.068750 0.143519
1 0.500000 0.455556 0.041667 0.105556
1 0.821094 0.354167 0.035937 0.086111
1 0.785417 0.327778 0.032292 0.079630
1 0.882552 0.372222 0.042188 0.090741
1 0.953906 0.485185 0.041146 0.111111
1 0.898177 0.420370 0.046354 0.098148
1 0.954688 0.948148 0.048958 0.101852
