1 0.241927 0.396296 0.023438 0.074074
1 0.085156 0.443519 0.027604 0.088889
1 0.508854 0.399537 0.013542 0.078704
2 0.578385 0.410185 0.016146 0.083333
1 0.898438 0.453704 0.018750 0.092593
1 0.799740 0.381944 0.016146 0.082407
1 0.642708 0.326389 0.012500 0.067593
1 0.418229 0.629167 0.026042 0.117593
1 0.353385 0.489352 0.022396 0.093519
1 0.357292 0.356481 0.012500 0.070370
1 0.459896 0.889352 0.045833 0.160185
1 0.139844 0.389815 0.022396 0.075926
1 0.536198 0.371759 0.014063 0.076852
1 0.125521 0.501852 0.021875 0.103704
1 0.878125 0.404167 0.019792 0.080556
1 0.364063 0.364815 0.015625 0.068519
1 0.640885 0.281481 0.011979 0.040741
0 0.142448 0.427778 0.005729 0.009259
