1 0.724479 0.772685 0.042708 0.086111
1 0.671875 0.492130 0.028125 0.076852
1 0.742708 0.485185 0.026042 0.088889
1 0.770573 0.519444 0.024479 0.088889
1 0.901302 0.384722 0.020313 0.078704
1 0.791667 0.131481 0.013542 0.050000
1 0.748177 0.299074 0.016146 0.064815
1 0.609896 0.251852 0.017708 0.062963
1 0.522917 0.725463 0.038542 0.097222
1 0.555208 0.537037 0.033333 0.083333
1 0.544531 0.425926 0.020313 0.066667
2 0.500521 0.492593 0.020833 0.081481
1 0.482552 0.244907 0.022396 0.060185
1 0.458073 0.393519 0.018229 0.072222
1 0.404687 0.244444 0.019792 0.064815
0 0.329427 0.629167 0.007812 0.012037
1 0.278125 0.600926 0.034375 0.083333
1 0.331510 0.381944 0.027604 0.073148
1 0.264844 0.591204 0.025521 0.084259
2 0.402083 0.076389 0.014583 0.045370
1 0.281250 0.391667 0.017708 0.072222
