0 0.210417 0.291667 0.009375 0.014815
1 0.304427 0.701852 0.035937 0.146296
1 0.534375 0.685648 0.035417 0.136111
1 0.902344 0.676389 0.040104 0.158333
1 0.958073 0.478704 0.027604 0.103704
2 0.306771 0.608333 0.034375 0.140741
1 0.729688 0.431019 0.032292 0.119444
1 0.572396 0.553241 0.026042 0.134259
1 0.685417 0.459259 0.021875 0.112963
1 0.576302 0.519444 0.027604 0.127778
1 0.495312 0.577778 0.026042 0.137037
1 0.567708 0.498148 0.022917 0.125926
1 0.465104 0.539815 0.031250 0.111111
1 0.412760 0.515741 0.029687 0.125926
1 0.440104 0.431481 0.037500 0.103704
