1 0.193750 0.543519 0.026042 0.120370
1 0.273177 0.537963 0.024479 0.125926
1 0.237500 0.503704 0.032292 0.120370
2 0.273958 0.661574 0.030208 0.156481
1 0.338281 0.493519 0.018229 0.107407
1 0.446094 0.476389 0.021354 0.093519
1 0.363542 0.506944 0.020833 0.119444
1 0.444271 0.565741 0.028125 0.135185
1 0.405208 0.576852 0.026042 0.129630
1 0.457813 0.548611 0.017708 0.119444
1 0.368229 0.593056 0.028125 0.087963
1 0.384635 0.689352 0.034896 0.154630
1 0.402344 0.581019 0.023438 0.130556
1 0.475781 0.565278 0.026562 0.130556
1 0.730729 0.630093 0.031250 0.147222
1 0.559896 0.608333 0.041667 0.131481
1 0.634375 0.502315 0.026042 0.102778
1 0.902344 0.374074 0.025521 0.079630
2 0.848698 0.363426 0.019271 0.078704
1 0.393229 0.585185 0.030208 0.140741
0 0.826823 0.406481 0.005729 0.009259
