1 0.358854 0.485185 0.022917 0.075926
1 0.711458 0.497685 0.014583 0.069444
2 0.528125 0.476852 0.021875 0.072222
1 0.874740 0.580556 0.031771 0.090741
1 0.861979 0.428241 0.015625 0.071296
1 0.674219 0.405093 0.013021 0.058333
1 0.109896 0.690278 0.029167 0.106481
1 0.928646 0.654630 0.031250 0.096296
1 0.595833 0.526852 0.016667 0.083333
1 0.432552 0.400926 0.019271 0.055556
1 0.185156 0.711574 0.028646 0.108333
1 0.226042 0.458796 0.018750 0.073148
1 0.159896 0.601852 0.022917 0.100000
1 0.015104 0.413889 0.018750 0.064815
1 0.645833 0.501852 0.020833 0.079630
1 0.299219 0.514352 0.023438 0.076852
1 0.722656 0.531019 0.023438 0.082407
1 0.763021 0.642130 0.026042 0.102778
1 0.673438 0.363889 0.010417 0.050000
1 0.454688 0.362037 0.012500 0.046296
2 0.166146 0.338426 0.009375 0.043519
0 0.584375 0.292593 0.004167 0.005556
