1 0.355990 0.417593 0.024479 0.090741
1 0.541667 0.418056 0.025000 0.080556
2 0.523438 0.453704 0.021875 0.100000
1 0.875260 0.393519 0.023438 0.096296
1 0.644531 0.331944 0.025521 0.075000
1 0.100000 0.729167 0.039583 0.145370
1 0.469271 0.537037 0.028125 0.112963
1 0.433854 0.354167 0.023958 0.063889
1 0.105990 0.826852 0.038021 0.142593
1 0.017969 0.435648 0.029687 0.102778
1 0.430729 0.420833 0.031250 0.089815
1 0.097396 0.517593 0.029167 0.114815
1 0.923698 0.459259 0.021354 0.105556
1 0.356510 0.339352 0.020313 0.076852
1 0.581771 0.321759 0.018750 0.073148
0 0.350521 0.374074 0.006250 0.009259
