0 0.605469 0.530556 0.006771 0.011111
2 0.864583 0.547685 0.038542 0.108333
1 0.722656 0.756944 0.071354 0.149074
1 0.711979 0.606944 0.048958 0.106481
1 0.715885 0.435648 0.021354 0.076852
1 0.635938 0.490278 0.039583 0.080556
1 0.467708 0.450000 0.030208 0.066667
1 0.403646 0.577778 0.030208 0.111111
1 0.920833 0.475463 0.045833 0.093519
1 0.738802 0.510185 0.049479 0.092593
1 0.581510 0.434259 0.025521 0.074074
1 0.346875 0.494907 0.031250 0.078704
1 0.767448 0.466667 0.044271 0.088889
2 0.599479 0.335185 0.016667 0.057407
1 0.377083 0.443981 0.015625 0.080556
