1 0.197917 0.539815 0.030208 0.120370
1 0.269792 0.536111 0.021875 0.125926
1 0.239063 0.499537 0.035417 0.119444
2 0.279687 0.657870 0.032292 0.156481
1 0.334115 0.490741 0.017188 0.107407
1 0.446354 0.476389 0.020833 0.097222
1 0.371094 0.502778 0.019271 0.118519
1 0.451562 0.563426 0.025000 0.134259
1 0.421875 0.573148 0.027083 0.131481
1 0.463542 0.545833 0.018750 0.119444
1 0.369271 0.591204 0.033333 0.087963
1 0.402865 0.683796 0.030729 0.154630
1 0.420312 0.579167 0.021875 0.130556
1 0.484115 0.564815 0.026562 0.131481
1 0.728906 0.628241 0.029687 0.147222
1 0.573438 0.601852 0.031250 0.129630
1 0.646354 0.497685 0.027083 0.102778
1 0.891667 0.370370 0.023958 0.079630
2 0.846875 0.360648 0.017708 0.078704
1 0.395313 0.581944 0.031250 0.139815
0 0.827604 0.404630 0.006250 0.009259
