1 0.013021 0.705556 0.023958 0.090741
1 0.088021 0.508796 0.012500 0.060185
1 0.087500 0.490741 0.014583 0.057407
1 0.092708 0.467593 0.010417 0.048148
1 0.066667 0.566667 0.016667 0.072222
1 0.095312 0.579167 0.015625 0.071296
1 0.116406 0.568981 0.015104 0.075000
2 0.171615 0.511111 0.014063 0.059259
1 0.049219 0.804167 0.028646 0.102778
1 0.154688 0.630093 0.020833 0.080556
1 0.221875 0.469444 0.012500 0.051852
1 0.226302 0.562037 0.017188 0.070370
1 0.361198 0.706481 0.025521 0.087037
1 0.275521 0.525926 0.012500 0.062963
1 0.308594 0.454630 0.010937 0.048148
1 0.313281 0.438426 0.010937 0.047222
1 0.369271 0.482407 0.010417 0.057407
1 0.400521 0.487963 0.013542 0.061111
1 0.396615 0.618056 0.018229 0.075000
1 0.484115 0.594444 0.014063 0.077778
1 0.968750 0.425000 0.011458 0.044444
0 0.894271 0.449074 0.004167 0.007407
2 0.114323 0.366667 0.009896 0.031481
2 0.691146 0.849074 0.025000 0.116667
