1 0.502865 0.596296 0.040104 0.135185
1 0.676562 0.610185 0.054167 0.120370
1 0.411719 0.708796 0.053646 0.160185
1 0.737500 0.583333 0.036458 0.124074
1 0.938281 0.486574 0.023438 0.126852
1 0.985677 0.351389 0.015104 0.076852
1 0.709635 0.401852 0.019271 0.096296
1 0.594792 0.353241 0.014583 0.080556
1 0.636979 0.486111 0.044792 0.096296
0 0.238281 0.511111 0.009896 0.012963
2 0.763281 0.386111 0.022396 0.100000
1 0.524219 0.379167 0.024479 0.091667
1 0.465104 0.290741 0.012500 0.064815
1 0.172396 0.461574 0.022917 0.108333
1 0.117448 0.382870 0.021354 0.093519
2 0.125260 0.268519 0.017188 0.064815
