1 0.134896 0.468981 0.025000 0.089815
1 0.777083 0.723611 0.045833 0.128704
1 0.509375 0.379630 0.016667 0.072222
1 0.400781 0.317593 0.015104 0.059259
1 0.091146 0.640278 0.026042 0.126852
1 0.230990 0.431944 0.026562 0.078704
1 0.389844 0.466667 0.021354 0.092593
2 0.485156 0.394444 0.017188 0.075926
1 0.552083 0.557407 0.017708 0.103704
1 0.568490 0.494444 0.022396 0.096296
1 0.778906 0.497222 0.023438 0.092593
1 0.659375 0.476389 0.021875 0.091667
1 0.931771 0.524074 0.022917 0.088889
1 0.675260 0.432870 0.018229 0.084259
1 0.663281 0.381019 0.013021 0.067593
1 0.744531 0.399074 0.011979 0.075926
1 0.761719 0.421296 0.019271 0.081481
1 0.775260 0.435648 0.020313 0.087963
1 0.780208 0.477778 0.019792 0.087037
1 0.845052 0.473611 0.024479 0.091667
0 0.252344 0.459722 0.006771 0.010185
