1 0.007552 0.529630 0.015104 0.085185
1 0.253906 0.495833 0.039062 0.115741
1 0.087500 0.459722 0.031250 0.119444
2 0.276823 0.624074 0.036979 0.146296
1 0.352865 0.465278 0.024479 0.095370
1 0.401302 0.455093 0.036979 0.102778
1 0.450260 0.468981 0.036979 0.097222
1 0.417708 0.463426 0.030208 0.115741
1 0.269531 0.531944 0.033854 0.117593
1 0.495833 0.537500 0.040625 0.104630
1 0.324479 0.483333 0.026042 0.116667
1 0.175000 0.587963 0.034375 0.142593
1 0.285938 0.550000 0.026042 0.133333
1 0.472396 0.448611 0.026042 0.112037
1 0.607552 0.599537 0.032813 0.147222
1 0.447917 0.592593 0.039583 0.125926
1 0.645052 0.494444 0.034896 0.114815
1 0.737760 0.332870 0.025521 0.076852
2 0.842448 0.333333 0.025521 0.087037
1 0.444271 0.474537 0.044792 0.115741
0 0.881771 0.576852 0.009375 0.014815
1 0.980990 0.562037 0.024479 0.114815
