1 0.308073 0.448148 0.029687 0.090741
2 0.322135 0.586574 0.028646 0.113889
1 0.174219 0.620370 0.038021 0.114815
1 0.866927 0.480093 0.035937 0.089815
1 0.115885 0.469907 0.031771 0.095370
1 0.233854 0.451389 0.029167 0.093519
1 0.141146 0.493056 0.032292 0.102778
1 0.955729 0.546296 0.033333 0.111111
1 0.432292 0.455093 0.025000 0.089815
1 0.118750 0.615278 0.043750 0.115741
1 0.536458 0.427315 0.021875 0.084259
1 0.617188 0.567593 0.048958 0.109259
1 0.460938 0.535185 0.032292 0.096296
1 0.350781 0.431481 0.026562 0.075926
1 0.855729 0.409259 0.021875 0.077778
2 0.621094 0.341204 0.022396 0.056481
1 0.235677 0.486574 0.028646 0.097222
1 0.681510 0.498148 0.039062 0.088889
