1 0.056510 0.487500 0.028646 0.121296
2 0.105990 0.631481 0.034896 0.153704
1 0.088021 0.504630 0.027083 0.114815
1 0.218490 0.440278 0.018229 0.106481
1 0.199219 0.468056 0.026562 0.123148
1 0.162760 0.443981 0.030729 0.130556
1 0.005469 0.546296 0.010937 0.133333
1 0.560677 0.558796 0.057813 0.119444
1 0.024740 0.474537 0.023438 0.108333
1 0.257292 0.418519 0.023958 0.098148
1 0.282552 0.609259 0.045312 0.150000
1 0.245573 0.598148 0.033854 0.127778
1 0.379427 0.435648 0.024479 0.095370
1 0.450521 0.335648 0.017708 0.071296
2 0.542708 0.337500 0.027083 0.071296
1 0.147917 0.469907 0.022917 0.121296
0 0.890625 0.628241 0.012500 0.013889
1 0.532292 0.485185 0.026042 0.109259
1 0.802344 0.591204 0.034896 0.130556
