1 0.150781 0.423611 0.016146 0.078704
1 0.168750 0.565278 0.019792 0.104630
1 0.202083 0.549074 0.023958 0.107407
1 0.525260 0.547222 0.021354 0.096296
2 0.290885 0.568519 0.030729 0.101852
1 0.246615 0.536574 0.021354 0.097222
1 0.288802 0.491667 0.016146 0.079630
1 0.357812 0.510185 0.020833 0.092593
1 0.635417 0.463889 0.013542 0.081481
1 0.991406 0.567593 0.016146 0.100000
1 0.917708 0.451852 0.011458 0.083333
1 0.932031 0.366667 0.014063 0.068519
1 0.196094 0.546296 0.021354 0.092593
1 0.220833 0.531019 0.029167 0.093519
1 0.248438 0.524074 0.018750 0.098148
1 0.279167 0.509722 0.015625 0.093519
1 0.319531 0.497222 0.025521 0.092593
1 0.373698 0.483333 0.017188 0.088889
1 0.387760 0.498611 0.015104 0.091667
1 0.431771 0.455093 0.014583 0.080556
1 0.562240 0.458333 0.011979 0.075926
1 0.685156 0.376852 0.008854 0.068519
2 0.752344 0.313426 0.011979 0.052778
0 0.867969 0.394907 0.005729 0.008333
