1 0.435677 0.763426 0.018229 0.065741
1 0.133854 0.265278 0.022917 0.063889
1 0.332031 0.503704 0.028646 0.079630
1 0.249479 0.165741 0.011458 0.055556
1 0.214844 0.309722 0.020313 0.063889
1 0.190885 0.722222 0.024479 0.103704
1 0.421875 0.693519 0.032292 0.077778
2 0.297917 0.393981 0.018750 0.065741
2 0.230990 0.040278 0.008854 0.034259
0 0.488802 0.848148 0.007812 0.012963
1 0.281250 0.329630 0.017708 0.064815
1 0.416927 0.812037 0.045312 0.087037
1 0.296615 0.602778 0.028646 0.081481
1 0.621354 0.494907 0.019792 0.078704
1 0.655469 0.237500 0.016146 0.056481
1 0.626823 0.142130 0.016146 0.049074
1 0.665365 0.382407 0.023438 0.077778
1 0.736979 0.284259 0.021875 0.068519
1 0.834375 0.499537 0.045833 0.086111
1 0.798177 0.423148 0.024479 0.074074
1 0.861979 0.635185 0.027083 0.088889
2 0.965104 0.891667 0.050000 0.109259
