1 0.278906 0.292593 0.018229 0.057407
1 0.206510 0.769907 0.028646 0.095370
1 0.611458 0.352315 0.016667 0.065741
1 0.522396 0.480093 0.019792 0.073148
1 0.599479 0.642593 0.031250 0.090741
1 0.854427 0.291667 0.016146 0.061111
1 0.814583 0.431481 0.019792 0.070370
1 0.189062 0.746296 0.039583 0.083333
1 0.570312 0.473148 0.023958 0.083333
1 0.578906 0.739815 0.025521 0.068519
2 0.782292 0.557407 0.023958 0.083333
2 0.749479 0.155556 0.016667 0.038889
0 0.233854 0.817130 0.008333 0.012037
1 0.863281 0.442593 0.019271 0.070370
1 0.889323 0.900000 0.033854 0.112963
1 0.896354 0.800463 0.027083 0.100926
