1 0.443229 0.765278 0.029167 0.073148
1 0.109896 0.270370 0.015625 0.064815
1 0.326302 0.503704 0.025521 0.083333
1 0.230208 0.166667 0.014583 0.055556
1 0.193229 0.312500 0.017708 0.063889
1 0.168750 0.719907 0.023958 0.100926
1 0.420573 0.691204 0.036979 0.078704
2 0.280729 0.394444 0.019792 0.066667
2 0.208594 0.040741 0.007812 0.035185
0 0.496094 0.845370 0.007812 0.012963
1 0.262240 0.330093 0.020313 0.063889
1 0.411719 0.814352 0.039062 0.089815
1 0.285417 0.605556 0.020833 0.077778
1 0.608854 0.497685 0.022917 0.082407
1 0.637240 0.236574 0.013021 0.054630
1 0.612500 0.142593 0.013542 0.046296
1 0.643229 0.382870 0.025000 0.076852
1 0.717187 0.284722 0.021875 0.063889
1 0.820573 0.497222 0.043229 0.085185
1 0.781250 0.422222 0.027083 0.075926
1 0.840625 0.639815 0.036458 0.088889
2 0.959375 0.877778 0.035417 0.112963
