1 0.440104 0.450000 0.025000 0.101852
1 0.340104 0.304630 0.017708 0.070370
1 0.339323 0.633333 0.048438 0.124074
1 0.236719 0.557870 0.027604 0.110185
1 0.736198 0.530093 0.038021 0.106481
1 0.809115 0.388889 0.021354 0.090741
1 0.494010 0.438426 0.029687 0.108333
1 0.664323 0.379630 0.019271 0.087037
0 0.326562 0.668981 0.012500 0.023148
1 0.908333 0.650463 0.036458 0.145370
1 0.258594 0.547685 0.032813 0.104630
2 0.743229 0.475463 0.028125 0.099074
1 0.379688 0.614815 0.035417 0.135185
1 0.779167 0.357870 0.023958 0.084259
1 0.945312 0.532870 0.033333 0.113889
1 0.701302 0.705556 0.042188 0.146296
