1 0.323698 0.903241 0.041146 0.191667
1 0.254167 0.484722 0.022917 0.106481
1 0.311458 0.421759 0.032292 0.084259
1 0.142448 0.619444 0.059896 0.075926
1 0.941667 0.678704 0.038542 0.161111
1 0.237760 0.643056 0.047396 0.154630
1 0.461979 0.581019 0.031250 0.145370
1 0.498958 0.535648 0.041667 0.123148
2 0.103385 0.581481 0.033854 0.129630
1 0.784375 0.464352 0.025000 0.080556
1 0.679688 0.523611 0.032292 0.125000
1 0.777344 0.572685 0.023438 0.134259
1 0.596094 0.513889 0.024479 0.118519
1 0.561979 0.495370 0.023958 0.116667
1 0.510417 0.468056 0.029167 0.104630
1 0.232813 0.573611 0.025000 0.104630
1 0.045052 0.597222 0.030729 0.137037
1 0.342969 0.429167 0.034896 0.091667
0 0.328906 0.456481 0.006771 0.011111
