1 0.364583 0.392130 0.019792 0.069444
2 0.399479 0.381944 0.014583 0.075000
1 0.731510 0.432870 0.033854 0.075000
1 0.615365 0.361574 0.023438 0.071296
1 0.457292 0.304167 0.013542 0.062037
1 0.328385 0.606481 0.027604 0.105556
1 0.886979 0.550926 0.028125 0.088889
1 0.199479 0.472222 0.026042 0.077778
1 0.134375 0.343519 0.017708 0.066667
1 0.450260 0.854630 0.039062 0.144444
1 0.001563 0.356944 0.003125 0.037963
1 0.390104 0.337037 0.017708 0.066667
1 0.005729 0.489815 0.011458 0.079630
1 0.659896 0.375463 0.025000 0.069444
1 0.218490 0.368981 0.021354 0.073148
1 0.441146 0.267593 0.012500 0.046296
0 0.633073 0.494444 0.009896 0.012963
