1 0.372917 0.407870 0.017708 0.095370
1 0.519010 0.412963 0.018229 0.081481
2 0.541667 0.446296 0.029167 0.100000
1 0.987760 0.467593 0.020313 0.090741
1 0.866927 0.391667 0.024479 0.094444
1 0.651042 0.335185 0.023958 0.070370
1 0.157292 0.709722 0.036458 0.134259
1 0.460156 0.528241 0.026562 0.106481
1 0.425000 0.356481 0.028125 0.066667
1 0.161979 0.830556 0.038542 0.151852
1 0.047917 0.426852 0.033333 0.101852
1 0.446615 0.411111 0.030729 0.090741
1 0.093490 0.516204 0.027604 0.113889
1 0.918490 0.443519 0.023438 0.096296
1 0.336979 0.346296 0.016667 0.074074
1 0.605990 0.318056 0.013021 0.062037
0 0.279687 0.391667 0.006250 0.009259
