1 0.179427 0.455556 0.027604 0.085185
1 0.858073 0.715278 0.034896 0.128704
1 0.411198 0.356481 0.018229 0.066667
1 0.343229 0.314815 0.015625 0.055556
1 0.076563 0.646296 0.039583 0.129630
1 0.271875 0.406019 0.021875 0.073148
1 0.348698 0.433333 0.021354 0.077778
2 0.418750 0.386574 0.019792 0.073148
1 0.545833 0.565741 0.026042 0.105556
1 0.455469 0.498148 0.028646 0.094444
1 0.677604 0.496759 0.018750 0.093519
1 0.586979 0.476852 0.019792 0.092593
1 0.862240 0.516204 0.022396 0.086111
1 0.580729 0.411111 0.017708 0.077778
1 0.593229 0.383333 0.014583 0.064815
1 0.642188 0.402778 0.013542 0.074074
1 0.679427 0.405093 0.022396 0.075000
1 0.747396 0.437500 0.020833 0.087963
1 0.696615 0.466204 0.018229 0.080556
1 0.769271 0.465278 0.025000 0.086111
0 0.289323 0.432407 0.005729 0.009259
