1 0.143750 0.462037 0.022917 0.087037
1 0.789583 0.692130 0.039583 0.126852
1 0.350521 0.354167 0.026042 0.062037
1 0.291406 0.317593 0.011979 0.055556
1 0.018229 0.643519 0.036458 0.127778
1 0.266927 0.401389 0.025521 0.073148
1 0.317708 0.415741 0.021875 0.072222
2 0.346354 0.383796 0.020833 0.073148
1 0.509635 0.574074 0.029687 0.103704
1 0.361719 0.506019 0.020313 0.097222
1 0.609635 0.501389 0.019271 0.091667
1 0.525521 0.481944 0.020833 0.091667
1 0.803906 0.509259 0.018229 0.085185
1 0.512760 0.407407 0.015104 0.075926
1 0.537240 0.387500 0.017188 0.062037
1 0.571875 0.410648 0.013542 0.076852
1 0.643750 0.409259 0.013542 0.077778
1 0.706510 0.435185 0.024479 0.087037
1 0.622917 0.458333 0.017708 0.077778
1 0.726042 0.460648 0.019792 0.080556
0 0.295052 0.426852 0.005729 0.009259
