1 0.060417 0.607870 0.030208 0.132407
1 0.253125 0.411574 0.014583 0.082407
1 0.119010 0.390741 0.023438 0.074074
1 0.222396 0.568056 0.028125 0.125000
1 0.827604 0.560648 0.029167 0.117593
1 0.799479 0.509259 0.030208 0.112963
1 0.680469 0.504167 0.027604 0.106481
1 0.634635 0.525926 0.025521 0.101852
1 0.560937 0.464815 0.021875 0.100000
2 0.112760 0.476389 0.021354 0.097222
1 0.783594 0.474537 0.015104 0.093519
1 0.814583 0.505556 0.026042 0.103704
1 0.704948 0.520370 0.026562 0.109259
1 0.775260 0.499537 0.026562 0.106481
1 0.739323 0.490741 0.029687 0.103704
1 0.682031 0.470370 0.018229 0.100000
1 0.601562 0.456944 0.019792 0.093519
1 0.591667 0.483333 0.017708 0.092593
1 0.239583 0.412037 0.017708 0.075926
1 0.403906 0.519444 0.027604 0.107407
1 0.179688 0.406481 0.022917 0.079630
0 0.209635 0.325000 0.009896 0.011111
