1 0.512240 0.453241 0.029687 0.106481
1 0.254167 0.241667 0.019792 0.066667
1 0.219271 0.668519 0.058333 0.148148
1 0.240365 0.531481 0.030729 0.114815
1 0.800521 0.471296 0.034375 0.098148
1 0.743490 0.319444 0.025521 0.081481
1 0.587500 0.444444 0.033333 0.103704
1 0.620313 0.319907 0.025000 0.082407
2 0.900781 0.172685 0.016146 0.047222
0 0.247917 0.719444 0.014583 0.024074
1 0.896875 0.542130 0.036458 0.119444
1 0.529687 0.587500 0.054167 0.119444
2 0.814323 0.397685 0.029687 0.093519
1 0.605469 0.581481 0.042188 0.131481
1 0.819271 0.272222 0.027083 0.064815
1 0.983073 0.501852 0.032813 0.120370
1 0.944010 0.735185 0.057813 0.159259
