1 0.609635 0.756944 0.029687 0.112037
1 0.675000 0.490741 0.021875 0.083333
1 0.886458 0.606481 0.029167 0.105556
1 0.970833 0.555093 0.025000 0.093519
1 0.945312 0.167130 0.016667 0.054630
1 0.906771 0.358333 0.016667 0.070370
1 0.750521 0.291667 0.015625 0.064815
1 0.528125 0.720833 0.026042 0.099074
1 0.515885 0.562037 0.024479 0.079630
1 0.571354 0.536111 0.031250 0.062963
2 0.656250 0.521296 0.023958 0.087037
1 0.548177 0.281944 0.017188 0.058333
1 0.521615 0.443981 0.018229 0.076852
1 0.481510 0.267593 0.014063 0.066667
0 0.505990 0.604630 0.006771 0.011111
1 0.415885 0.671759 0.028646 0.032407
1 0.394271 0.414815 0.018750 0.077778
1 0.366146 0.631944 0.020833 0.099074
2 0.524479 0.084259 0.008333 0.046296
1 0.317448 0.427315 0.019271 0.086111
