1 0.304427 0.446759 0.034896 0.087963
1 0.318229 0.545833 0.026042 0.112037
1 0.582292 0.464815 0.016667 0.103704
1 0.783333 0.617593 0.028125 0.131481
2 0.349219 0.651389 0.030729 0.143519
1 0.375521 0.527315 0.046875 0.097222
1 0.584896 0.451389 0.011458 0.093519
1 0.500000 0.469444 0.038542 0.103704
1 0.883594 0.489815 0.028646 0.107407
1 0.268229 0.536111 0.022917 0.096296
1 0.581510 0.481481 0.026562 0.107407
1 0.400260 0.525463 0.025521 0.100926
1 0.476823 0.463889 0.023438 0.111111
1 0.544010 0.480556 0.022396 0.109259
1 0.561719 0.469444 0.018229 0.107407
1 0.600260 0.520370 0.022396 0.114815
1 0.641927 0.468519 0.027604 0.103704
1 0.837500 0.484722 0.020833 0.102778
0 0.482292 0.349074 0.009375 0.018519
