1 0.232552 0.552315 0.027604 0.100926
1 0.933073 0.484722 0.023438 0.076852
1 0.986979 0.619907 0.018750 0.087963
1 0.537240 0.507870 0.021354 0.084259
1 0.688802 0.322222 0.015104 0.044444
1 0.695833 0.406481 0.020833 0.074074
1 0.449740 0.355556 0.017188 0.059259
1 0.490365 0.299074 0.013021 0.044444
1 0.763021 0.361111 0.015625 0.055556
0 0.185938 0.671759 0.008333 0.013889
2 0.635417 0.359722 0.017708 0.063889
1 0.586719 0.328241 0.013021 0.054630
1 0.398438 0.266204 0.006250 0.032407
1 0.488281 0.411111 0.019271 0.066667
1 0.223177 0.324537 0.010937 0.052778
2 0.179688 0.263426 0.006250 0.032407
1 0.155990 0.618519 0.033854 0.111111
1 0.806510 0.369444 0.022396 0.057407
1 0.832812 0.605093 0.029167 0.095370
1 0.941146 0.464815 0.018750 0.070370
