1 0.072917 0.218056 0.016667 0.056481
1 0.277344 0.779630 0.052604 0.087037
1 0.416667 0.269444 0.015625 0.061111
1 0.273958 0.404167 0.015625 0.071296
1 0.476823 0.529630 0.019271 0.083333
1 0.597135 0.199537 0.013021 0.054630
1 0.552083 0.337963 0.019792 0.064815
1 0.276562 0.770833 0.032292 0.102778
1 0.322135 0.388889 0.018229 0.075926
1 0.414323 0.706944 0.042188 0.082407
2 0.574479 0.443056 0.022917 0.073148
2 0.555469 0.071759 0.010937 0.039815
0 0.299740 0.836111 0.007812 0.012963
1 0.595833 0.356019 0.015625 0.067593
1 0.638021 0.760648 0.027083 0.091667
1 0.575260 0.660185 0.024479 0.083333
1 0.912500 0.470833 0.019792 0.075000
