1 0.167969 0.462500 0.017188 0.052778
1 0.338021 0.492130 0.018750 0.062037
1 0.347135 0.428241 0.009896 0.050926
1 0.603125 0.520833 0.020833 0.069444
2 0.382031 0.519907 0.024479 0.063889
1 0.417187 0.478241 0.020833 0.052778
1 0.454948 0.411574 0.010937 0.041667
1 0.408073 0.441204 0.011979 0.049074
1 0.394271 0.457870 0.011458 0.043519
1 0.838281 0.577778 0.019271 0.070370
1 0.770573 0.441204 0.018229 0.047222
1 0.695052 0.404167 0.016146 0.041667
1 0.232552 0.505556 0.016146 0.051852
1 0.392969 0.438426 0.014063 0.050926
1 0.297396 0.468056 0.013542 0.056481
1 0.340365 0.434722 0.011979 0.049074
1 0.451562 0.446759 0.012500 0.049074
1 0.381510 0.442130 0.011979 0.045370
1 0.413802 0.463426 0.014063 0.052778
1 0.484115 0.469907 0.013021 0.049074
1 0.737500 0.412500 0.014583 0.041667
1 0.550000 0.400926 0.013542 0.037037
2 0.510677 0.337963 0.007812 0.027778
0 0.167969 0.461111 0.003646 0.005556
