1 0.026562 0.621296 0.039583 0.144444
1 0.194792 0.514815 0.019792 0.114815
1 0.199219 0.328704 0.013021 0.077778
1 0.378646 0.571759 0.025000 0.099074
1 0.477083 0.579167 0.021875 0.136111
1 0.506510 0.535648 0.028646 0.132407
1 0.561458 0.502778 0.022917 0.125926
1 0.594531 0.556481 0.025521 0.131481
1 0.623177 0.465741 0.020313 0.109259
2 0.197396 0.435648 0.017708 0.065741
1 0.778385 0.464352 0.017188 0.108333
1 0.818490 0.491204 0.022396 0.108333
1 0.710677 0.517130 0.024479 0.119444
1 0.740625 0.493519 0.019792 0.114815
1 0.696875 0.474074 0.015625 0.118519
1 0.680990 0.464352 0.016146 0.110185
1 0.668490 0.446296 0.015104 0.103704
1 0.603906 0.481944 0.019271 0.110185
1 0.577083 0.459722 0.019792 0.104630
1 0.491667 0.530093 0.022917 0.117593
1 0.402865 0.473148 0.017188 0.107407
0 0.192188 0.366667 0.005208 0.009259
