1 0.696875 0.877778 0.038542 0.187037
1 0.163542 0.542593 0.023958 0.105556
1 0.172396 0.433333 0.030208 0.083333
1 0.039062 0.727315 0.032292 0.158333
1 0.842969 0.585185 0.038021 0.125926
1 0.537500 0.523148 0.041667 0.103704
1 0.389323 0.482870 0.023438 0.084259
1 0.239063 0.553704 0.026042 0.112963
2 0.332552 0.616204 0.033854 0.123148
1 0.604688 0.464815 0.028125 0.079630
1 0.770573 0.566204 0.032813 0.112037
1 0.570312 0.526389 0.020833 0.099074
1 0.481510 0.494907 0.027604 0.093519
1 0.448437 0.501852 0.032292 0.090741
1 0.496615 0.507407 0.026562 0.081481
1 0.033594 0.488889 0.021354 0.096296
1 0.595833 0.743056 0.053125 0.145370
1 0.141927 0.449074 0.028646 0.085185
0 0.523698 0.272685 0.007812 0.017593
