1 0.422396 0.767593 0.042708 0.166667
1 0.545833 0.506481 0.034375 0.109259
1 0.265365 0.457407 0.039062 0.072222
1 0.086979 0.426389 0.027083 0.073148
1 0.017188 0.479630 0.023958 0.112963
2 0.098177 0.554630 0.031771 0.125926
1 0.306771 0.410648 0.030208 0.071296
1 0.980729 0.573611 0.037500 0.097222
1 0.747135 0.589352 0.031771 0.123148
1 0.499479 0.488426 0.029167 0.097222
1 0.287760 0.452315 0.030729 0.075000
1 0.185156 0.432407 0.025521 0.085185
1 0.160417 0.438426 0.033333 0.097222
1 0.215885 0.459722 0.030729 0.089815
1 0.351042 0.634722 0.039583 0.128704
0 0.506510 0.362037 0.007812 0.012963
