1 0.429688 0.666204 0.033333 0.126852
1 0.397396 0.380556 0.018750 0.087037
1 0.242708 0.303704 0.026042 0.064815
1 0.313542 0.499074 0.030208 0.103704
2 0.303646 0.396759 0.021875 0.089815
1 0.369792 0.525000 0.031250 0.098148
1 0.391927 0.490741 0.027604 0.107407
1 0.661458 0.478241 0.025000 0.091667
1 0.538281 0.471296 0.031771 0.096296
1 0.724740 0.504167 0.026562 0.093519
1 0.605729 0.439352 0.036458 0.089815
1 0.563542 0.373148 0.028125 0.072222
1 0.643750 0.387037 0.023958 0.085185
1 0.669531 0.414352 0.027604 0.091667
1 0.638542 0.416204 0.019792 0.099074
1 0.629427 0.473148 0.015104 0.094444
1 0.728646 0.462037 0.019792 0.100000
1 0.957031 0.381481 0.021354 0.090741
0 0.073698 0.503241 0.008854 0.012037
