1 0.020313 0.553241 0.018750 0.071296
1 0.044271 0.675000 0.029167 0.085185
1 0.138021 0.469444 0.017708 0.055556
1 0.180469 0.450000 0.013021 0.055556
1 0.175521 0.436111 0.014583 0.048148
1 0.052865 0.559259 0.025521 0.075926
1 0.186458 0.540741 0.016667 0.070370
1 0.155729 0.572685 0.022917 0.075000
2 0.248958 0.478241 0.014583 0.060185
1 0.033854 0.807407 0.030208 0.112963
1 0.176823 0.612037 0.021354 0.081481
1 0.284115 0.451389 0.011979 0.054630
1 0.299479 0.574537 0.018750 0.078704
1 0.397135 0.691204 0.021354 0.087963
1 0.342187 0.535185 0.012500 0.072222
1 0.404167 0.435185 0.013542 0.050000
1 0.385677 0.403704 0.011979 0.046296
1 0.436979 0.479630 0.014583 0.061111
1 0.459896 0.489352 0.017708 0.065741
1 0.404167 0.620833 0.018750 0.078704
1 0.506250 0.599537 0.023958 0.082407
0 0.772135 0.353241 0.006771 0.008333
2 0.190625 0.331481 0.010417 0.029630
2 0.679167 0.854630 0.026042 0.122222
