1 0.034896 0.620370 0.040625 0.144444
1 0.241146 0.500000 0.029167 0.100000
1 0.214062 0.328241 0.013542 0.073148
1 0.305990 0.560648 0.032813 0.130556
1 0.522917 0.615278 0.025000 0.143519
1 0.547135 0.525926 0.024479 0.127778
1 0.586719 0.498611 0.027604 0.125000
1 0.613542 0.555556 0.027083 0.129630
1 0.634375 0.461574 0.025000 0.110185
2 0.175000 0.448611 0.019792 0.095370
1 0.783073 0.464815 0.014063 0.107407
1 0.845052 0.496759 0.021354 0.112037
1 0.724219 0.511574 0.014063 0.119444
1 0.747396 0.492130 0.019792 0.113889
1 0.712500 0.474537 0.014583 0.115741
1 0.692708 0.460185 0.014583 0.109259
1 0.666667 0.444444 0.018750 0.103704
1 0.617188 0.485185 0.016667 0.109259
1 0.589844 0.452778 0.015104 0.100000
1 0.494792 0.527315 0.035417 0.117593
1 0.427344 0.472222 0.018229 0.105556
0 0.201563 0.366667 0.005208 0.009259
