1 0.989323 0.675926 0.020313 0.111111
1 0.780208 0.763426 0.030208 0.104630
1 0.559375 0.555093 0.022917 0.084259
1 0.923438 0.715278 0.032292 0.112037
1 0.935417 0.543519 0.023958 0.088889
1 0.916146 0.412500 0.020833 0.076852
1 0.913021 0.475000 0.019792 0.087037
1 0.844531 0.293519 0.016146 0.061111
1 0.703906 0.469444 0.015104 0.075926
1 0.834635 0.344444 0.017188 0.068519
1 0.632031 0.912963 0.031771 0.122222
1 0.399219 0.456481 0.028646 0.077778
1 0.492448 0.475926 0.026562 0.066667
2 0.659115 0.551852 0.019271 0.085185
1 0.421094 0.461574 0.023438 0.071296
1 0.533333 0.470833 0.023958 0.075000
1 0.389844 0.299074 0.019271 0.061111
0 0.491927 0.462037 0.005729 0.009259
1 0.362240 0.762500 0.034896 0.037963
1 0.263021 0.462037 0.016667 0.077778
1 0.199740 0.627315 0.019271 0.095370
2 0.391146 0.141204 0.012500 0.047222
1 0.221354 0.423148 0.017708 0.075926
