1 0.326823 0.737037 0.022396 0.081481
1 0.045312 0.775000 0.034375 0.105556
1 0.846615 0.445833 0.011979 0.060185
1 0.295833 0.455093 0.021875 0.058333
1 0.294010 0.756481 0.028646 0.094444
1 0.406250 0.552778 0.018750 0.074074
1 0.327083 0.567130 0.017708 0.067593
1 0.074219 0.543056 0.016146 0.076852
1 0.274219 0.330556 0.011979 0.048148
1 0.110156 0.538889 0.020313 0.068519
1 0.437240 0.582870 0.019271 0.076852
1 0.342969 0.436111 0.015104 0.055556
2 0.115625 0.643981 0.020833 0.078704
2 0.854688 0.931481 0.023958 0.109259
