0 0.622135 0.432870 0.007812 0.012037
2 0.352604 0.632870 0.037500 0.134259
1 0.501823 0.573148 0.054688 0.127778
1 0.183854 0.602315 0.029167 0.125000
1 0.954167 0.828241 0.039583 0.163889
1 0.628385 0.491204 0.020313 0.100926
1 0.090104 0.651852 0.034375 0.144444
1 0.140104 0.506019 0.035417 0.110185
1 0.319010 0.534722 0.021354 0.113889
1 0.646875 0.516667 0.032292 0.109259
1 0.711719 0.582870 0.034896 0.119444
1 0.590625 0.467593 0.023958 0.081481
1 0.284115 0.549537 0.027604 0.123148
1 0.456250 0.493981 0.022917 0.112037
1 0.504427 0.687963 0.034896 0.153704
1 0.008594 0.559722 0.017188 0.123148
1 0.394531 0.461111 0.025521 0.090741
