1 0.434635 0.457407 0.029687 0.100000
1 0.353906 0.325000 0.025521 0.066667
1 0.313802 0.618981 0.049479 0.121296
1 0.241667 0.559722 0.026042 0.119444
1 0.711979 0.549074 0.031250 0.109259
1 0.832031 0.402778 0.023438 0.094444
1 0.502083 0.443981 0.021875 0.106481
1 0.677604 0.393519 0.023958 0.088889
0 0.309375 0.667130 0.012500 0.023148
1 0.921354 0.677778 0.037500 0.146296
1 0.256510 0.548611 0.032813 0.108333
2 0.733073 0.493981 0.027604 0.104630
1 0.343229 0.623611 0.033333 0.136111
1 0.778646 0.377778 0.027083 0.081481
1 0.945312 0.541204 0.028125 0.117593
1 0.683333 0.708796 0.043750 0.149074
