1 0.590885 0.738889 0.033854 0.092593
1 0.656510 0.475000 0.019271 0.079630
1 0.884115 0.621759 0.022396 0.104630
1 0.964844 0.547222 0.025521 0.090741
1 0.928906 0.168056 0.018229 0.052778
1 0.893750 0.366204 0.021875 0.063889
1 0.751042 0.291204 0.017708 0.063889
1 0.521094 0.734259 0.025521 0.094444
1 0.501302 0.578241 0.036979 0.082407
1 0.546875 0.557407 0.033333 0.074074
2 0.662240 0.515741 0.015104 0.085185
1 0.531250 0.288889 0.017708 0.057407
1 0.517969 0.435185 0.015104 0.077778
1 0.465885 0.267130 0.015104 0.067593
0 0.481250 0.612500 0.007292 0.012037
1 0.409635 0.667130 0.028646 0.030556
1 0.369531 0.423611 0.016146 0.076852
1 0.351042 0.618981 0.026042 0.095370
2 0.511198 0.081019 0.009896 0.047222
1 0.290625 0.431019 0.028125 0.080556
