1 0.755990 0.455093 0.013021 0.054630
1 0.652865 0.747222 0.017188 0.096296
1 0.363542 0.901852 0.028125 0.101852
1 0.582031 0.695370 0.016146 0.079630
1 0.599740 0.500926 0.011979 0.070370
1 0.428646 0.469907 0.011458 0.062037
1 0.428906 0.349537 0.008854 0.052778
1 0.417448 0.361574 0.009896 0.050926
1 0.322135 0.347685 0.011979 0.045370
1 0.261979 0.458333 0.012500 0.059259
1 0.129688 0.461574 0.018750 0.058333
1 0.079427 0.832407 0.022396 0.100000
1 0.132031 0.608333 0.013021 0.081481
1 0.155208 0.565741 0.017708 0.064815
2 0.111719 0.611574 0.019271 0.076852
1 0.007552 0.473148 0.015104 0.062963
0 0.751823 0.473611 0.004687 0.006481
