1 0.765885 0.930093 0.042188 0.137963
1 0.256250 0.594444 0.037500 0.114815
1 0.429948 0.479630 0.029687 0.085185
1 0.140104 0.750463 0.057292 0.154630
1 0.934896 0.644444 0.041667 0.146296
1 0.612240 0.591667 0.036979 0.125926
1 0.485417 0.521759 0.021875 0.097222
1 0.304427 0.615741 0.028646 0.129630
2 0.543490 0.692593 0.027604 0.142593
1 0.786979 0.500926 0.026042 0.083333
1 0.825260 0.624537 0.035937 0.126852
1 0.701302 0.596759 0.038021 0.125000
1 0.560156 0.547222 0.028646 0.112963
1 0.533333 0.559722 0.025000 0.113889
1 0.562760 0.541204 0.023438 0.095370
1 0.107031 0.539815 0.027604 0.107407
1 0.433594 0.753704 0.054688 0.146296
1 0.308854 0.489815 0.020833 0.087037
0 0.361719 0.286574 0.010937 0.025000
