1 0.323177 0.389352 0.022396 0.095370
1 0.664583 0.780556 0.027083 0.133333
1 0.610156 0.507407 0.029687 0.096296
1 0.641146 0.595833 0.019792 0.108333
1 0.666667 0.608333 0.021875 0.120370
1 0.811979 0.424074 0.021875 0.098148
1 0.727604 0.519907 0.031250 0.102778
1 0.609635 0.593056 0.023438 0.112037
1 0.646615 0.521759 0.020313 0.106481
1 0.746615 0.634722 0.021354 0.110185
2 0.701823 0.641667 0.022396 0.120370
0 0.836979 0.941667 0.009375 0.016667
1 0.686719 0.604167 0.021354 0.110185
1 0.790365 0.612037 0.020313 0.109259
