1 0.083854 0.479630 0.029167 0.109259
2 0.136458 0.608796 0.033333 0.145370
1 0.126302 0.484722 0.024479 0.102778
1 0.234896 0.438889 0.020833 0.096296
1 0.259635 0.457870 0.026562 0.112037
1 0.193229 0.451389 0.039583 0.108333
1 0.052344 0.537963 0.043229 0.129630
1 0.479687 0.546759 0.033333 0.117593
1 0.083073 0.467593 0.019271 0.105556
1 0.286719 0.418981 0.024479 0.095370
1 0.312240 0.592130 0.036979 0.136111
1 0.257031 0.584722 0.033854 0.119444
1 0.409896 0.446296 0.025000 0.092593
1 0.454948 0.339815 0.020313 0.066667
2 0.556771 0.340741 0.019792 0.068519
1 0.220312 0.462037 0.025000 0.105556
0 0.821094 0.606019 0.008854 0.013889
1 0.592448 0.487963 0.027604 0.103704
1 0.852344 0.595370 0.034896 0.125926
