1 0.009115 0.634259 0.018229 0.135185
1 0.333073 0.336111 0.025521 0.070370
1 0.360938 0.287963 0.019792 0.061111
1 0.159375 0.389815 0.027083 0.083333
2 0.296354 0.406019 0.022917 0.089815
1 0.533594 0.556019 0.029687 0.113889
1 0.335938 0.577778 0.023958 0.118519
1 0.225521 0.368056 0.031250 0.063889
1 0.457552 0.473611 0.025521 0.099074
1 0.840885 0.528241 0.023438 0.100926
1 0.441406 0.373611 0.026562 0.078704
1 0.443750 0.309259 0.020833 0.059259
1 0.247135 0.341204 0.029687 0.069444
1 0.753646 0.411111 0.016667 0.092593
1 0.771615 0.451389 0.039062 0.104630
1 0.628385 0.604630 0.025521 0.116667
1 0.809115 0.456944 0.026562 0.095370
0 0.249740 0.375926 0.005729 0.009259
