1 0.571094 0.608796 0.032813 0.143519
1 0.517188 0.597222 0.028125 0.140741
1 0.391927 0.686574 0.027604 0.163889
1 0.756250 0.588889 0.040625 0.135185
1 0.887500 0.483333 0.020833 0.125926
1 0.942969 0.350463 0.016146 0.082407
1 0.623177 0.400463 0.016146 0.093519
1 0.571094 0.350926 0.014063 0.083333
1 0.583854 0.486574 0.017708 0.113889
0 0.534896 0.527778 0.007292 0.012963
2 0.513021 0.358796 0.016667 0.089815
1 0.392708 0.384259 0.017708 0.094444
1 0.354948 0.280093 0.014063 0.063889
1 0.145833 0.465741 0.017708 0.107407
1 0.058333 0.408796 0.026042 0.100926
2 0.077604 0.269444 0.014583 0.066667
