1 0.326042 0.328704 0.022917 0.066667
1 0.351562 0.289815 0.025000 0.061111
1 0.143490 0.400926 0.024479 0.092593
2 0.330469 0.405093 0.021354 0.087963
1 0.493490 0.568981 0.023438 0.113889
1 0.347656 0.604630 0.024479 0.129630
1 0.217448 0.362037 0.017188 0.077778
1 0.468490 0.486111 0.043229 0.105556
1 0.843750 0.542593 0.023958 0.101852
1 0.425521 0.365278 0.031250 0.078704
1 0.441146 0.305556 0.018750 0.061111
1 0.245833 0.325463 0.017708 0.065741
1 0.753646 0.415278 0.029167 0.091667
1 0.753906 0.463889 0.039062 0.105556
1 0.624219 0.619444 0.025521 0.125926
1 0.809635 0.467130 0.027604 0.100926
0 0.248177 0.356481 0.005729 0.009259
