1 0.152604 0.425463 0.019792 0.078704
1 0.157292 0.568056 0.027083 0.104630
1 0.200260 0.550926 0.024479 0.109259
1 0.521094 0.547685 0.019271 0.099074
2 0.270573 0.575463 0.022396 0.104630
1 0.241406 0.537500 0.024479 0.097222
1 0.288802 0.500000 0.017188 0.096296
1 0.357292 0.510185 0.019792 0.092593
1 0.635677 0.463889 0.013021 0.081481
1 0.992448 0.568519 0.014063 0.103704
1 0.921354 0.452778 0.013542 0.083333
1 0.934115 0.367130 0.014063 0.069444
1 0.183854 0.550463 0.021875 0.095370
1 0.217969 0.532870 0.025521 0.095370
1 0.244010 0.527315 0.018229 0.099074
1 0.284635 0.515278 0.018229 0.093519
1 0.316146 0.497222 0.019792 0.092593
1 0.372396 0.483333 0.015625 0.088889
1 0.384896 0.500463 0.012500 0.091667
1 0.431250 0.455556 0.013542 0.081481
1 0.561719 0.458796 0.010937 0.076852
1 0.686198 0.377315 0.008854 0.069444
2 0.755990 0.312963 0.011979 0.053704
0 0.870573 0.394907 0.005729 0.008333
