1 0.646875 0.552315 0.021875 0.093519
1 0.543490 0.638889 0.026562 0.120370
1 0.192708 0.642593 0.026042 0.114815
1 0.143750 0.410185 0.018750 0.064815
1 0.247656 0.510648 0.032813 0.099074
1 0.175260 0.432870 0.014063 0.073148
0 0.769271 0.482870 0.005208 0.008333
2 0.048438 0.481944 0.025000 0.084259
1 0.260677 0.429630 0.021354 0.075926
1 0.210417 0.792130 0.026042 0.156481
1 0.727865 0.472222 0.028646 0.088889
1 0.148438 0.800000 0.042708 0.148148
1 0.529427 0.576852 0.026562 0.088889
1 0.495573 0.381019 0.023438 0.062037
2 0.945052 0.612037 0.027604 0.107407
