0 0.678906 0.417593 0.005729 0.009259
2 0.390885 0.627315 0.047396 0.143519
1 0.312760 0.568519 0.032813 0.127778
1 0.008073 0.621296 0.016146 0.129630
1 0.782292 0.821759 0.055208 0.149074
1 0.507031 0.488889 0.031771 0.101852
1 0.109375 0.559259 0.028125 0.120370
1 0.557813 0.493981 0.031250 0.106481
1 0.541146 0.568056 0.031250 0.119444
1 0.533854 0.417130 0.021875 0.080556
1 0.170313 0.560648 0.036458 0.123148
1 0.277083 0.500463 0.032292 0.113889
1 0.284635 0.726389 0.032813 0.158333
2 0.789583 0.350926 0.018750 0.074074
1 0.266667 0.448611 0.023958 0.095370
