1 0.239844 0.444907 0.034896 0.089815
2 0.266146 0.586111 0.040625 0.116667
1 0.133073 0.622222 0.035937 0.111111
1 0.788021 0.473148 0.038542 0.087037
1 0.053125 0.467130 0.037500 0.097222
1 0.165104 0.449537 0.023958 0.095370
1 0.079948 0.495370 0.033854 0.103704
1 0.865365 0.534259 0.028646 0.105556
1 0.352344 0.450926 0.025521 0.087037
1 0.094531 0.610185 0.039062 0.111111
1 0.463802 0.424537 0.024479 0.080556
1 0.581250 0.552778 0.050000 0.107407
1 0.395313 0.531481 0.035417 0.094444
1 0.282552 0.429630 0.025521 0.075926
1 0.748958 0.405556 0.022917 0.077778
2 0.541406 0.341204 0.021354 0.056481
1 0.171875 0.485185 0.030208 0.098148
1 0.610938 0.493981 0.033333 0.086111
1 0.959115 0.669907 0.036979 0.136111
