1 0.196875 0.499074 0.022917 0.081481
1 0.245573 0.604167 0.027604 0.086111
1 0.288542 0.425463 0.018750 0.065741
1 0.460677 0.408796 0.019271 0.067593
1 0.424740 0.393981 0.016146 0.060185
1 0.114062 0.551852 0.030208 0.088889
1 0.443490 0.518981 0.020313 0.082407
1 0.431771 0.608333 0.021875 0.103704
2 0.551302 0.468056 0.019271 0.075000
1 0.261198 0.608333 0.024479 0.100000
1 0.354427 0.590741 0.044271 0.096296
1 0.619271 0.447222 0.016667 0.068519
1 0.655729 0.608333 0.018750 0.101852
1 0.745052 0.758796 0.028646 0.117593
1 0.689323 0.555556 0.020313 0.094444
1 0.806771 0.411574 0.015625 0.065741
1 0.773698 0.379167 0.015104 0.062037
1 0.872656 0.537500 0.021354 0.095370
1 0.831771 0.541204 0.021875 0.095370
1 0.694271 0.686111 0.025000 0.109259
1 0.917188 0.651389 0.026042 0.112037
0 0.424479 0.367130 0.009375 0.015741
2 0.416927 0.260648 0.008854 0.036111
