1 0.148438 0.430093 0.017708 0.078704
1 0.114583 0.580556 0.025000 0.109259
1 0.281250 0.541667 0.036458 0.096296
1 0.506771 0.549074 0.021875 0.100000
2 0.218750 0.596296 0.030208 0.109259
1 0.233854 0.544444 0.031250 0.092593
1 0.328125 0.500000 0.022917 0.096296
1 0.343229 0.510648 0.020833 0.091667
1 0.629687 0.461111 0.017708 0.081481
1 0.992969 0.577315 0.013021 0.104630
1 0.931510 0.453704 0.013021 0.085185
1 0.944792 0.368981 0.019792 0.067593
1 0.134896 0.567130 0.018750 0.089815
1 0.207031 0.536574 0.030729 0.087963
1 0.212760 0.535648 0.030729 0.084259
1 0.272135 0.514815 0.022396 0.094444
1 0.308073 0.500000 0.029687 0.092593
1 0.357292 0.486111 0.016667 0.090741
1 0.389583 0.498611 0.013542 0.091667
1 0.433594 0.456481 0.017188 0.083333
1 0.558073 0.457870 0.014063 0.075000
1 0.692187 0.377778 0.010417 0.070370
2 0.761719 0.312963 0.013021 0.051852
0 0.878906 0.395833 0.005729 0.008333
