1 0.158073 0.870833 0.036979 0.121296
1 0.797917 0.499537 0.026042 0.087963
1 0.758073 0.341667 0.021354 0.070370
1 0.437240 0.438426 0.021354 0.071296
1 0.644010 0.265741 0.015104 0.059259
1 0.931771 0.193981 0.014583 0.050926
1 0.726562 0.267130 0.017708 0.063889
1 0.242708 0.716667 0.023958 0.098148
1 0.799740 0.332407 0.020313 0.064815
1 0.461198 0.506019 0.026562 0.086111
1 0.441667 0.288889 0.020833 0.066667
2 0.768750 0.406481 0.016667 0.074074
1 0.377344 0.517130 0.019271 0.084259
1 0.419010 0.375926 0.021354 0.070370
2 0.400781 0.138426 0.010937 0.045370
