1 0.213281 0.867593 0.036979 0.205556
1 0.161719 0.432407 0.023438 0.103704
1 0.296615 0.386111 0.017188 0.081481
1 0.852344 0.649074 0.031771 0.155556
1 0.291667 0.570833 0.037500 0.147222
1 0.528906 0.525926 0.031771 0.118519
1 0.670833 0.452315 0.027083 0.106481
1 0.666146 0.495833 0.021875 0.113889
1 0.763802 0.541204 0.021354 0.136111
1 0.513542 0.487963 0.022917 0.116667
1 0.520573 0.431019 0.025521 0.041667
1 0.467448 0.436574 0.031771 0.102778
1 0.209635 0.522222 0.025521 0.124074
1 0.033854 0.558796 0.028125 0.132407
1 0.283073 0.396296 0.028646 0.072222
0 0.319531 0.417593 0.006771 0.011111
