0 0.341406 0.548611 0.006771 0.010185
2 0.587240 0.620370 0.026562 0.127778
1 0.404167 0.691667 0.047917 0.142593
1 0.340885 0.618056 0.032813 0.117593
1 0.774479 0.436111 0.019792 0.081481
1 0.509115 0.601852 0.044271 0.122222
1 0.371354 0.515278 0.039583 0.091667
1 0.358073 0.535185 0.024479 0.101852
1 0.979427 0.517130 0.035937 0.104630
1 0.746094 0.548148 0.024479 0.107407
1 0.681250 0.447685 0.026042 0.082407
1 0.455469 0.540278 0.033854 0.106481
1 0.569271 0.483796 0.022917 0.097222
2 0.965365 0.349074 0.026562 0.055556
1 0.416667 0.507407 0.037500 0.088889
1 0.205469 0.445833 0.030729 0.062037
