0 0.227604 0.483333 0.006250 0.011111
1 0.535417 0.770370 0.039583 0.153704
1 0.620833 0.789352 0.046875 0.154630
1 0.901042 0.669444 0.037500 0.146296
1 0.804948 0.483333 0.028646 0.101852
2 0.149479 0.586574 0.039583 0.134259
1 0.558594 0.447685 0.031771 0.106481
1 0.558594 0.551852 0.034896 0.122222
1 0.599219 0.465278 0.020313 0.099074
1 0.495833 0.515278 0.039583 0.119444
1 0.389583 0.601389 0.033333 0.130556
1 0.588281 0.497222 0.026562 0.112963
1 0.326042 0.567130 0.026042 0.115741
1 0.241406 0.547685 0.029687 0.121296
1 0.200521 0.436574 0.027083 0.095370
