0 0.218750 0.474537 0.006250 0.010185
1 0.514323 0.694907 0.032813 0.115741
1 0.547135 0.712963 0.027604 0.111111
1 0.789062 0.637500 0.037500 0.115741
1 0.699740 0.594444 0.027604 0.098148
1 0.989323 0.417130 0.014063 0.062037
1 0.615625 0.464352 0.020833 0.069444
1 0.810937 0.513889 0.028125 0.085185
2 0.129427 0.540278 0.026562 0.095370
1 0.452604 0.437963 0.022917 0.079630
1 0.457552 0.512963 0.024479 0.090741
1 0.488021 0.450000 0.025000 0.070370
2 0.753646 0.343981 0.014583 0.047222
1 0.411198 0.489352 0.029687 0.084259
1 0.305990 0.555556 0.018229 0.090741
1 0.496094 0.462500 0.024479 0.078704
1 0.247917 0.542593 0.021875 0.088889
1 0.187760 0.518981 0.021354 0.087963
1 0.172135 0.434722 0.014063 0.063889
