1 0.891146 0.739352 0.017708 0.078704
0 0.884115 0.733333 0.003646 0.007407
1 0.369531 0.518981 0.017188 0.065741
1 0.353906 0.507870 0.018229 0.065741
1 0.330208 0.485185 0.014583 0.059259
1 0.316146 0.466204 0.013542 0.056481
1 0.296875 0.500926 0.014583 0.059259
1 0.106771 0.523611 0.012500 0.065741
1 0.159635 0.514815 0.013021 0.062963
1 0.183854 0.515278 0.015625 0.065741
1 0.183854 0.622685 0.015625 0.073148
1 0.120052 0.583796 0.017188 0.065741
1 0.075521 0.533796 0.015625 0.063889
1 0.290104 0.506019 0.010417 0.060185
1 0.086719 0.616667 0.018229 0.070370
1 0.127865 0.523611 0.015104 0.062037
1 0.088281 0.526389 0.011979 0.071296
1 0.066406 0.538426 0.014063 0.063889
1 0.097656 0.526389 0.013021 0.067593
1 0.102083 0.520370 0.018750 0.068519
