1 0.469792 0.437500 0.025000 0.100926
1 0.333333 0.278241 0.018750 0.065741
1 0.323698 0.624074 0.034896 0.133333
1 0.239063 0.546759 0.031250 0.113889
1 0.776563 0.505093 0.032292 0.102778
1 0.803125 0.362037 0.020833 0.087037
1 0.516146 0.425926 0.032292 0.101852
1 0.663802 0.353704 0.018229 0.088889
2 0.996615 0.204630 0.005729 0.040741
0 0.339583 0.660648 0.012500 0.023148
1 0.922917 0.613426 0.037500 0.132407
1 0.319792 0.552315 0.052083 0.110185
2 0.773698 0.450926 0.025521 0.103704
1 0.467448 0.591667 0.031771 0.135185
1 0.803125 0.329167 0.033333 0.076852
1 0.974219 0.518981 0.033854 0.115741
1 0.752083 0.711111 0.042708 0.170370
