1 0.121615 0.493519 0.028646 0.100000
1 0.166146 0.315278 0.019792 0.076852
2 0.116406 0.191204 0.017188 0.049074
0 0.595052 0.509722 0.011979 0.019444
1 0.186458 0.538889 0.032292 0.109259
1 0.440104 0.649074 0.044792 0.122222
2 0.346875 0.402778 0.026042 0.090741
1 0.374219 0.510648 0.023438 0.119444
1 0.373177 0.225926 0.014063 0.055556
1 0.622917 0.423611 0.044792 0.100926
1 0.602604 0.459722 0.032292 0.080556
1 0.661719 0.272222 0.019271 0.064815
1 0.900260 0.654167 0.042188 0.143519
1 0.644271 0.468519 0.034375 0.079630
1 0.716146 0.299074 0.022917 0.072222
1 0.895312 0.432407 0.026042 0.098148
1 0.939323 0.407870 0.027604 0.099074
