1 0.004948 0.691204 0.009896 0.073148
1 0.089323 0.487037 0.016146 0.057407
1 0.088021 0.462963 0.016667 0.053704
1 0.093490 0.448148 0.011979 0.050000
1 0.054948 0.546296 0.018229 0.072222
1 0.093750 0.550463 0.010417 0.071296
1 0.101042 0.557870 0.016667 0.076852
2 0.167448 0.483333 0.015104 0.059259
1 0.009635 0.811111 0.019271 0.092593
1 0.126823 0.615278 0.021354 0.082407
1 0.202865 0.448148 0.009896 0.051852
1 0.209896 0.552778 0.015625 0.072222
1 0.332813 0.693519 0.032292 0.088889
1 0.262500 0.518981 0.016667 0.065741
1 0.307292 0.439815 0.010417 0.050000
1 0.301042 0.412500 0.009375 0.045370
1 0.363021 0.468519 0.013542 0.059259
1 0.375521 0.471759 0.011458 0.062037
1 0.357031 0.602778 0.020313 0.075926
1 0.452083 0.585185 0.015625 0.077778
1 0.959375 0.406944 0.012500 0.036111
0 0.893490 0.425000 0.004687 0.007407
2 0.116406 0.343056 0.010937 0.030556
2 0.630469 0.831481 0.027604 0.114815
