1 0.187500 0.544444 0.025000 0.120370
1 0.278385 0.540741 0.032813 0.125926
1 0.237500 0.506944 0.035417 0.119444
2 0.257292 0.665278 0.030208 0.156481
1 0.342969 0.496296 0.018229 0.107407
1 0.441406 0.492130 0.026562 0.112037
1 0.358073 0.510648 0.021354 0.121296
1 0.436458 0.563889 0.027083 0.135185
1 0.380208 0.578704 0.030208 0.133333
1 0.456510 0.548611 0.016146 0.119444
1 0.367448 0.580093 0.017188 0.106481
1 0.362240 0.690741 0.041146 0.155556
1 0.376302 0.580556 0.029687 0.131481
1 0.465885 0.562963 0.026562 0.129630
1 0.731250 0.630093 0.031250 0.147222
1 0.543229 0.612963 0.065625 0.131481
1 0.618229 0.506019 0.028125 0.102778
1 0.915104 0.375000 0.021875 0.079630
2 0.850781 0.362963 0.017188 0.079630
1 0.394531 0.584722 0.026562 0.141667
0 0.825521 0.406019 0.006250 0.008333
