1 0.204167 0.856944 0.038542 0.204630
1 0.151823 0.424074 0.019271 0.098148
1 0.317188 0.379630 0.026042 0.075926
1 0.835677 0.643519 0.030729 0.153704
1 0.271094 0.570833 0.034896 0.149074
1 0.526563 0.524074 0.033333 0.116667
1 0.662760 0.455093 0.020313 0.100926
1 0.657292 0.490278 0.029167 0.113889
1 0.763281 0.542130 0.025521 0.128704
1 0.497656 0.485185 0.032813 0.111111
1 0.519271 0.464352 0.027083 0.110185
1 0.465625 0.427315 0.042708 0.104630
1 0.211458 0.506481 0.023958 0.122222
1 0.049479 0.547685 0.031250 0.132407
1 0.302604 0.387963 0.037500 0.079630
0 0.345313 0.399074 0.008333 0.012963
