1 0.323177 0.304630 0.018229 0.057407
1 0.174219 0.762500 0.045312 0.091667
1 0.663021 0.368519 0.017708 0.068519
1 0.585156 0.496296 0.021354 0.072222
1 0.644792 0.660648 0.031250 0.099074
1 0.937760 0.312037 0.018229 0.061111
1 0.894271 0.448611 0.018750 0.069444
1 0.162240 0.741204 0.032813 0.091667
1 0.631510 0.486111 0.023438 0.079630
1 0.636198 0.757407 0.027604 0.085185
2 0.835938 0.578241 0.021875 0.084259
2 0.798438 0.169907 0.016667 0.039815
0 0.230208 0.799537 0.008333 0.012037
1 0.944010 0.458333 0.020313 0.072222
1 0.963542 0.936111 0.037500 0.122222
