0 0.353125 0.364815 0.007292 0.012963
1 0.902604 0.648148 0.039583 0.114815
1 0.761719 0.630556 0.033854 0.105556
1 0.774740 0.500000 0.018229 0.092593
1 0.645312 0.511574 0.017708 0.095370
1 0.966146 0.499074 0.016667 0.098148
1 0.997396 0.509722 0.004167 0.015741
1 0.759115 0.426389 0.016146 0.080556
1 0.863021 0.431481 0.019792 0.083333
1 0.600260 0.456944 0.018229 0.093519
1 0.347135 0.490741 0.025521 0.087037
1 0.612240 0.446759 0.019271 0.080556
2 0.544271 0.557870 0.023958 0.108333
1 0.493229 0.443519 0.022917 0.096296
1 0.376563 0.453241 0.020833 0.089815
1 0.283073 0.430556 0.021354 0.072222
2 0.351042 0.351389 0.018750 0.056481
1 0.233333 0.432870 0.037500 0.078704
1 0.210417 0.501389 0.021875 0.087963
1 0.280469 0.445833 0.023438 0.089815
1 0.114062 0.549537 0.028125 0.102778
1 0.219531 0.491667 0.034896 0.087037
