0 0.578906 0.570833 0.008854 0.012037
2 0.763802 0.563889 0.056771 0.111111
1 0.580469 0.727315 0.056771 0.143519
1 0.595833 0.618981 0.032292 0.112037
1 0.728125 0.413889 0.028125 0.075926
1 0.587500 0.525926 0.031250 0.098148
1 0.421875 0.460185 0.034375 0.090741
1 0.368750 0.550926 0.037500 0.107407
1 0.940625 0.485185 0.041667 0.101852
1 0.719010 0.514815 0.031771 0.098148
1 0.584115 0.426389 0.023438 0.078704
1 0.523698 0.514352 0.033854 0.086111
1 0.696094 0.471296 0.026562 0.098148
2 0.712500 0.327778 0.015625 0.059259
1 0.413542 0.453704 0.025000 0.077778
