1 0.322135 0.389352 0.022396 0.095370
1 0.664583 0.780556 0.029167 0.131481
1 0.607292 0.507870 0.030208 0.097222
1 0.637760 0.595370 0.019271 0.109259
1 0.664323 0.608333 0.021354 0.120370
1 0.809635 0.422685 0.027604 0.097222
1 0.726562 0.518056 0.032292 0.102778
1 0.607292 0.593056 0.023958 0.112037
1 0.643750 0.522685 0.019792 0.108333
1 0.746354 0.634722 0.017708 0.110185
2 0.699740 0.639815 0.022396 0.120370
0 0.832812 0.940741 0.009375 0.016667
1 0.683594 0.603241 0.021354 0.110185
1 0.789323 0.612037 0.017188 0.109259
