1 0.008854 0.357407 0.017708 0.094444
1 0.615365 0.886111 0.031771 0.146296
1 0.402604 0.497222 0.026042 0.109259
1 0.405729 0.571296 0.022917 0.070370
1 0.491927 0.626389 0.029687 0.125000
1 0.658594 0.372222 0.018229 0.094444
1 0.566927 0.451852 0.031771 0.098148
1 0.408073 0.614352 0.024479 0.115741
1 0.360938 0.501389 0.021875 0.110185
1 0.658073 0.650000 0.019271 0.107407
2 0.541927 0.606481 0.033854 0.133333
2 0.813281 0.141667 0.018229 0.072222
0 0.586198 0.857870 0.008854 0.015741
1 0.465625 0.562963 0.025000 0.107407
1 0.666406 0.585185 0.033854 0.107407
