1 0.327604 0.735185 0.021875 0.081481
1 0.047656 0.773148 0.035937 0.105556
1 0.846615 0.443981 0.011979 0.060185
1 0.296875 0.453241 0.022917 0.058333
1 0.294531 0.754630 0.029687 0.094444
1 0.405729 0.550926 0.018750 0.074074
1 0.327604 0.564815 0.017708 0.066667
1 0.074479 0.541204 0.015625 0.076852
1 0.274219 0.328704 0.011979 0.048148
1 0.110677 0.537037 0.020313 0.068519
1 0.437240 0.582870 0.019271 0.082407
1 0.343490 0.434722 0.015104 0.056481
2 0.116146 0.642130 0.020833 0.078704
2 0.854167 0.929630 0.023958 0.109259
