1 0.005208 0.470370 0.010417 0.087037
2 0.208594 0.623611 0.044271 0.134259
1 0.302865 0.776852 0.047396 0.166667
1 0.766406 0.471759 0.023438 0.086111
1 0.655729 0.556944 0.026042 0.112037
1 0.232292 0.675000 0.041667 0.146296
1 0.243229 0.448611 0.027083 0.095370
1 0.667448 0.547685 0.064062 0.069444
1 0.320573 0.581019 0.034896 0.115741
1 0.064844 0.450926 0.034896 0.088889
1 0.415104 0.405556 0.023958 0.079630
2 0.276302 0.346296 0.021354 0.070370
0 0.791146 0.503241 0.009375 0.012037
1 0.563021 0.513426 0.036458 0.102778
1 0.755990 0.584259 0.036979 0.101852
