1 0.397917 0.405093 0.020833 0.093519
1 0.669531 0.754630 0.029687 0.129630
1 0.646875 0.506481 0.021875 0.098148
1 0.686719 0.613426 0.021354 0.106481
1 0.699219 0.590741 0.020313 0.118519
1 0.815625 0.436574 0.018750 0.099074
1 0.739844 0.546296 0.034896 0.105556
1 0.646094 0.574537 0.021354 0.110185
1 0.685937 0.509722 0.034375 0.106481
1 0.741927 0.629167 0.025521 0.100926
2 0.741667 0.650926 0.020833 0.118519
0 0.883073 0.955093 0.009896 0.017593
1 0.736198 0.609259 0.025521 0.109259
1 0.782292 0.612500 0.029167 0.110185
