1 0.945052 0.576852 0.038021 0.146296
1 0.980469 0.499074 0.034896 0.133333
1 0.705469 0.442130 0.020313 0.110185
1 0.923698 0.639352 0.041146 0.156481
1 0.012760 0.720833 0.025521 0.176852
2 0.848958 0.528241 0.051042 0.130556
1 0.361458 0.588426 0.027083 0.145370
1 0.561719 0.432407 0.028646 0.101852
1 0.385156 0.440278 0.026562 0.110185
1 0.284375 0.479167 0.018750 0.119444
1 0.116146 0.575000 0.026042 0.146296
2 0.184375 0.424537 0.029167 0.112037
1 0.094531 0.488426 0.020313 0.132407
0 0.583594 0.435648 0.006771 0.012037
1 0.756510 0.866667 0.045312 0.207407
