1 0.915104 0.285185 0.015625 0.074074
1 0.732031 0.443981 0.022396 0.102778
1 0.876302 0.284259 0.011979 0.070370
1 0.912760 0.386574 0.024479 0.095370
2 0.951042 0.502315 0.034375 0.117593
1 0.932292 0.556019 0.035417 0.128704
1 0.644792 0.485648 0.025000 0.113889
1 0.364844 0.905093 0.047396 0.187963
1 0.495052 0.593056 0.032813 0.150926
1 0.253646 0.750463 0.030208 0.195370
1 0.528385 0.279630 0.017188 0.070370
2 0.066146 0.178704 0.015625 0.051852
1 0.151562 0.328241 0.020833 0.082407
1 0.059635 0.596759 0.028646 0.143519
