2 0.716406 0.523611 0.028646 0.117593
1 0.986979 0.530093 0.025000 0.126852
1 0.281250 0.707407 0.048958 0.146296
0 0.542708 0.689352 0.010417 0.019444
1 0.663021 0.587037 0.053125 0.051852
1 0.809635 0.458333 0.025521 0.100000
1 0.628906 0.342130 0.025521 0.089815
1 0.414844 0.562037 0.036979 0.125926
1 0.724219 0.609722 0.048438 0.069444
1 0.768490 0.414352 0.025521 0.091667
1 0.503646 0.399074 0.023958 0.096296
2 0.736198 0.231944 0.014063 0.052778
1 0.315365 0.451389 0.026562 0.104630
1 0.002344 0.290741 0.004687 0.012963
