1 0.872917 0.666667 0.031250 0.120370
1 0.557813 0.473611 0.021875 0.099074
1 0.228385 0.518981 0.032813 0.110185
2 0.636719 0.274537 0.014063 0.075000
1 0.397917 0.600000 0.030208 0.116667
2 0.123698 0.684259 0.049479 0.107407
1 0.250781 0.854167 0.038021 0.134259
1 0.770052 0.569444 0.023438 0.105556
1 0.529427 0.643519 0.027604 0.114815
1 0.315365 0.584722 0.028646 0.112037
1 0.324740 0.430556 0.031771 0.101852
1 0.020313 0.604630 0.033333 0.120370
1 0.667969 0.907870 0.036979 0.130556
1 0.359635 0.441204 0.049479 0.047222
