1 0.773698 0.448611 0.039062 0.117593
1 0.522656 0.613889 0.032813 0.118519
1 0.471875 0.603241 0.035417 0.143519
1 0.362500 0.585648 0.038542 0.149074
1 0.204948 0.677778 0.033854 0.170370
1 0.172917 0.573611 0.052083 0.132407
1 0.080729 0.499537 0.061458 0.102778
1 0.120833 0.487500 0.038542 0.112037
1 0.036719 0.464815 0.039062 0.120370
1 0.554948 0.625000 0.043229 0.120370
1 0.411198 0.508796 0.047396 0.113889
1 0.324479 0.595370 0.043750 0.129630
1 0.048438 0.711111 0.028125 0.183333
1 0.087500 0.510648 0.030208 0.136111
2 0.301823 0.446296 0.028646 0.101852
0 0.475521 0.549074 0.005208 0.005556
1 0.046354 0.592593 0.028125 0.107407
