1 0.535156 0.810185 0.047396 0.131481
1 0.750781 0.645370 0.031771 0.124074
1 0.750781 0.809722 0.033854 0.145370
1 0.407552 0.677778 0.032813 0.129630
2 0.512500 0.658333 0.027083 0.125926
1 0.488542 0.633333 0.025000 0.109259
1 0.387760 0.418981 0.018229 0.086111
1 0.338281 0.563889 0.029687 0.109259
1 0.311198 0.583796 0.020313 0.108333
1 0.121354 0.501852 0.021875 0.098148
1 0.185156 0.393519 0.018229 0.085185
1 0.303906 0.420833 0.016146 0.086111
1 0.273698 0.317593 0.016146 0.066667
1 0.340365 0.287037 0.013021 0.061111
1 0.506250 0.296759 0.016667 0.065741
1 0.632292 0.363426 0.015625 0.065741
1 0.793490 0.528704 0.022396 0.107407
1 0.309635 0.299074 0.014063 0.040741
1 0.756771 0.293056 0.016667 0.065741
0 0.707812 0.739352 0.013542 0.019444
2 0.548698 0.152315 0.009896 0.037963
1 0.895573 0.411574 0.022396 0.084259
1 0.042448 0.250926 0.014063 0.062963
1 0.995313 0.528704 0.008333 0.081481
