2 0.641667 0.437963 0.031250 0.087037
1 0.985417 0.559259 0.028125 0.118519
1 0.764062 0.710185 0.045833 0.135185
0 0.643750 0.631481 0.009375 0.016667
1 0.992708 0.493981 0.013542 0.100926
1 0.688021 0.560185 0.042708 0.109259
1 0.900000 0.359259 0.025000 0.075926
1 0.657031 0.458333 0.030729 0.087037
1 0.350000 0.451389 0.033333 0.106481
1 0.408854 0.693056 0.044792 0.130556
1 0.669792 0.575000 0.044792 0.120370
1 0.664062 0.398611 0.027083 0.075000
1 0.290104 0.457407 0.040625 0.100000
2 0.311458 0.258796 0.019792 0.052778
1 0.133333 0.551389 0.042708 0.121296
