1 0.509896 0.393981 0.022917 0.075000
1 0.278646 0.367130 0.018750 0.078704
1 0.127083 0.349537 0.017708 0.067593
1 0.513802 0.452778 0.019271 0.098148
1 0.565365 0.463889 0.017188 0.092593
1 0.719271 0.478241 0.020833 0.099074
1 0.102344 0.350926 0.013021 0.064815
1 0.339062 0.297685 0.020833 0.063889
2 0.861198 0.471296 0.014063 0.079630
1 0.684896 0.505093 0.021875 0.099074
1 0.181250 0.437500 0.035417 0.095370
2 0.186458 0.575926 0.030208 0.116667
1 0.219531 0.576852 0.023438 0.118519
1 0.469792 0.659259 0.028125 0.131481
1 0.550260 0.709722 0.031771 0.145370
