2 0.398177 0.517130 0.040104 0.086111
2 0.236458 0.344444 0.016667 0.059259
0 0.661979 0.574537 0.010417 0.013889
1 0.013021 0.857870 0.026042 0.136111
1 0.015885 0.537500 0.031771 0.108333
1 0.008854 0.479630 0.017708 0.088889
1 0.415625 0.576852 0.054167 0.103704
1 0.426302 0.412500 0.028646 0.078704
1 0.532292 0.610185 0.033333 0.120370
1 0.738542 0.508333 0.032292 0.096296
1 0.102865 0.482407 0.025521 0.092593
1 0.254948 0.433333 0.028646 0.081481
1 0.320833 0.631481 0.037500 0.114815
1 0.358333 0.550463 0.040625 0.100926
1 0.745052 0.686574 0.038021 0.115741
1 0.565625 0.500463 0.040625 0.100926
1 0.700000 0.580093 0.043750 0.108333
1 0.847396 0.456019 0.035417 0.087963
1 0.960677 0.441667 0.033854 0.062963
