1 0.991146 0.474074 0.016667 0.107407
1 0.387500 0.500926 0.047917 0.092593
2 0.986719 0.235648 0.022396 0.080556
1 0.754948 0.828704 0.040104 0.151852
2 0.482812 0.826389 0.036458 0.143519
1 0.205990 0.584722 0.053646 0.063889
1 0.390104 0.843056 0.031250 0.137963
1 0.819792 0.687963 0.033333 0.127778
1 0.464323 0.641667 0.033854 0.122222
1 0.558594 0.506481 0.048438 0.107407
0 0.402344 0.556944 0.008854 0.013889
1 0.226302 0.583796 0.045312 0.062037
1 0.963542 0.943981 0.038542 0.110185
1 0.279687 0.563889 0.045833 0.077778
