1 0.439323 0.813889 0.024479 0.124074
1 0.810677 0.621296 0.027604 0.101852
1 0.887500 0.893981 0.034375 0.147222
1 0.283073 0.611574 0.028646 0.099074
2 0.613281 0.442130 0.013021 0.071296
1 0.732031 0.694444 0.019271 0.105556
1 0.211458 0.497685 0.022917 0.084259
1 0.296094 0.580556 0.020313 0.096296
1 0.499219 0.660648 0.024479 0.106481
1 0.118229 0.525000 0.025000 0.085185
1 0.202083 0.444444 0.016667 0.074074
1 0.317969 0.466204 0.019271 0.073148
1 0.325260 0.376389 0.010937 0.062037
1 0.394010 0.353241 0.009896 0.054630
1 0.578906 0.364352 0.014063 0.060185
1 0.695833 0.428704 0.014583 0.068519
1 0.864844 0.622685 0.024479 0.108333
1 0.378125 0.354167 0.013542 0.058333
1 0.793490 0.369907 0.011979 0.062037
0 0.430208 0.803704 0.008333 0.016667
2 0.619010 0.223611 0.006771 0.030556
1 0.927865 0.462963 0.020313 0.075926
1 0.161719 0.312963 0.013021 0.050000
