2 0.629427 0.444444 0.030729 0.092593
1 0.994531 0.569907 0.009896 0.117593
1 0.784635 0.691667 0.052604 0.135185
0 0.657552 0.628704 0.010937 0.016667
1 0.944531 0.504167 0.034896 0.113889
1 0.714583 0.540278 0.040625 0.102778
1 0.864062 0.365278 0.025000 0.082407
1 0.978646 0.512037 0.028125 0.114815
1 0.639323 0.466204 0.034896 0.089815
1 0.275781 0.500000 0.028646 0.118519
1 0.398438 0.714352 0.046875 0.145370
1 0.698438 0.573148 0.050000 0.116667
1 0.635156 0.396296 0.021354 0.077778
1 0.235677 0.476852 0.038021 0.107407
2 0.226302 0.265741 0.021354 0.055556
1 0.078906 0.586111 0.047396 0.131481
