1 0.439844 0.810185 0.030729 0.135185
1 0.823958 0.570370 0.027083 0.111111
1 0.146875 0.605093 0.032292 0.113889
2 0.626042 0.394444 0.021875 0.077778
1 0.816406 0.782407 0.030729 0.135185
1 0.116927 0.491667 0.029687 0.096296
1 0.237240 0.563889 0.032813 0.107407
1 0.467187 0.676852 0.030208 0.120370
1 0.091406 0.499537 0.024479 0.093519
1 0.165625 0.444907 0.021875 0.087963
1 0.298438 0.451852 0.020833 0.087037
1 0.341146 0.337963 0.014583 0.068519
1 0.440365 0.314815 0.015104 0.061111
1 0.680729 0.338889 0.015625 0.068519
1 0.763802 0.427778 0.020313 0.081481
1 0.927083 0.663426 0.029167 0.128704
1 0.405208 0.322685 0.011458 0.065741
1 0.865365 0.353241 0.018229 0.075000
0 0.423958 0.801852 0.007292 0.018519
2 0.691667 0.172685 0.007292 0.036111
1 0.197656 0.275926 0.015104 0.061111
