0 0.521875 0.474074 0.005208 0.007407
1 0.420052 0.473148 0.021354 0.081481
1 0.174740 0.632870 0.026562 0.123148
1 0.392188 0.721296 0.035417 0.142593
2 0.299479 0.574537 0.028125 0.125000
1 0.475781 0.589815 0.026562 0.112963
1 0.302865 0.499074 0.024479 0.101852
1 0.509115 0.469444 0.018229 0.081481
1 0.851562 0.626389 0.030208 0.132407
1 0.759375 0.584722 0.021875 0.110185
1 0.625521 0.618519 0.025000 0.122222
1 0.709896 0.621296 0.025000 0.125926
1 0.905990 0.669444 0.028646 0.122222
1 0.992969 0.574537 0.013021 0.019444
1 0.060937 0.560185 0.036458 0.098148
