1 0.589844 0.770370 0.063021 0.194444
1 0.877604 0.615278 0.046875 0.200926
1 0.923438 0.781944 0.054167 0.250926
1 0.333854 0.607407 0.037500 0.170370
2 0.432812 0.634259 0.045833 0.192593
1 0.526042 0.518056 0.030208 0.158333
1 0.378385 0.195370 0.024479 0.138889
1 0.332031 0.415278 0.045312 0.162037
1 0.224219 0.393981 0.038021 0.150926
1 0.077865 0.135648 0.025521 0.128704
1 0.254948 0.185648 0.025521 0.130556
1 0.205990 0.035185 0.026562 0.070370
1 0.314063 0.009722 0.011458 0.019444
1 0.569531 0.023148 0.016146 0.046296
1 0.759896 0.113426 0.025000 0.073148
1 0.266406 0.012963 0.011979 0.025926
1 0.979427 0.011111 0.013021 0.022222
0 0.921094 0.778704 0.017188 0.027778
