1 0.305208 0.493519 0.015625 0.072222
1 0.324219 0.454167 0.025521 0.076852
1 0.424740 0.511574 0.020313 0.078704
1 0.287760 0.590278 0.022396 0.086111
1 0.402865 0.424537 0.023438 0.069444
1 0.505208 0.422222 0.015625 0.062963
1 0.453125 0.527778 0.020833 0.074074
1 0.552083 0.671296 0.015625 0.075926
2 0.353125 0.342130 0.018750 0.058333
0 0.607552 0.326852 0.003646 0.005556
1 0.527344 0.643519 0.019271 0.087037
2 0.551302 0.437963 0.018229 0.066667
1 0.583333 0.449074 0.017708 0.064815
1 0.595573 0.551389 0.022396 0.071296
1 0.626823 0.368519 0.018229 0.059259
1 0.675000 0.495370 0.017708 0.068519
1 0.669010 0.438426 0.019271 0.069444
1 0.710677 0.382407 0.019271 0.055556
1 0.725521 0.412500 0.026042 0.062037
1 0.773177 0.500000 0.020313 0.068519
1 0.771094 0.571296 0.019271 0.081481
1 0.816406 0.481944 0.021354 0.075000
1 0.809115 0.444444 0.019271 0.059259
