1 0.996615 0.346296 0.005729 0.055556
1 0.858854 0.298611 0.014583 0.069444
1 0.673698 0.445833 0.021354 0.093519
1 0.823958 0.297685 0.014583 0.065741
1 0.867969 0.392593 0.024479 0.088889
2 0.889583 0.510648 0.033333 0.113889
1 0.894531 0.555093 0.024479 0.121296
1 0.592969 0.464815 0.028646 0.098148
1 0.311719 0.931019 0.058854 0.136111
1 0.489063 0.593981 0.037500 0.145370
1 0.220573 0.761111 0.031771 0.183333
1 0.511198 0.298148 0.017188 0.068519
2 0.042708 0.204630 0.013542 0.050000
1 0.135677 0.345833 0.020313 0.080556
1 0.059635 0.604630 0.032813 0.137037
