1 0.510156 0.394444 0.023438 0.075926
1 0.272135 0.365741 0.018229 0.077778
1 0.122396 0.350463 0.017708 0.067593
1 0.513802 0.452778 0.019271 0.098148
1 0.564583 0.464352 0.017708 0.093519
1 0.717969 0.480093 0.021354 0.100926
1 0.093490 0.349537 0.013021 0.065741
1 0.339062 0.297685 0.020833 0.063889
2 0.861719 0.472222 0.014063 0.081481
1 0.684896 0.505093 0.021875 0.099074
1 0.179167 0.437500 0.034375 0.095370
2 0.184375 0.576852 0.030208 0.116667
1 0.212760 0.578704 0.023438 0.118519
1 0.469531 0.660185 0.029687 0.133333
1 0.550781 0.711574 0.030729 0.147222
