2 0.496615 0.506481 0.025521 0.079630
0 0.356510 0.092130 0.008854 0.015741
1 0.612500 0.704167 0.030208 0.128704
1 0.178906 0.692130 0.040104 0.130556
1 0.510677 0.652315 0.031771 0.115741
1 0.695833 0.575463 0.027083 0.102778
1 0.113281 0.478241 0.022396 0.080556
1 0.413542 0.560185 0.032292 0.094444
1 0.877865 0.446759 0.019271 0.075000
1 0.184896 0.687037 0.046875 0.050000
1 0.223438 0.468056 0.023958 0.075000
1 0.676562 0.594444 0.021875 0.100000
1 0.686458 0.635648 0.021875 0.108333
1 0.953125 0.668981 0.027083 0.117593
1 0.642448 0.516667 0.023438 0.090741
1 0.841406 0.551389 0.023438 0.108333
1 0.695833 0.473148 0.022917 0.079630
1 0.808594 0.518056 0.019271 0.097222
1 0.942708 0.588426 0.025000 0.106481
