1 0.416927 0.812037 0.029687 0.131481
1 0.810156 0.591667 0.022396 0.111111
1 0.946354 0.921296 0.034375 0.150000
1 0.195312 0.608333 0.038542 0.105556
2 0.603646 0.408333 0.013542 0.072222
1 0.757031 0.730093 0.022396 0.121296
1 0.141406 0.500926 0.030729 0.096296
1 0.238542 0.568981 0.019792 0.106481
1 0.466927 0.663426 0.027604 0.113889
1 0.057813 0.523148 0.022917 0.094444
1 0.154948 0.441667 0.022396 0.081481
1 0.280469 0.457407 0.015104 0.083333
1 0.314063 0.346759 0.013542 0.065741
1 0.391406 0.325000 0.011979 0.059259
1 0.604167 0.342593 0.015625 0.066667
1 0.719531 0.416667 0.017188 0.074074
1 0.908594 0.645833 0.027604 0.125000
1 0.370833 0.326852 0.014583 0.062963
1 0.815885 0.351852 0.016146 0.070370
0 0.411719 0.781481 0.002604 0.012963
2 0.635156 0.186574 0.008854 0.034259
1 0.948698 0.444907 0.024479 0.086111
1 0.141406 0.287037 0.011979 0.059259
