2 0.807031 0.585648 0.027604 0.128704
1 0.928385 0.550000 0.031771 0.118519
1 0.310156 0.709259 0.034896 0.150000
0 0.527344 0.760648 0.010937 0.019444
1 0.783073 0.627315 0.055729 0.073148
1 0.841406 0.491204 0.027604 0.102778
1 0.693750 0.391204 0.021875 0.091667
1 0.430990 0.589815 0.027604 0.122222
1 0.849219 0.664815 0.050521 0.072222
1 0.812760 0.451389 0.024479 0.093519
1 0.614323 0.437963 0.019271 0.100000
2 0.838542 0.272685 0.013542 0.054630
1 0.413021 0.468981 0.023958 0.100926
1 0.123698 0.355556 0.021354 0.085185
