1 0.950521 0.474074 0.029167 0.124074
1 0.477604 0.450000 0.033333 0.111111
1 0.972917 0.518981 0.021875 0.108333
2 0.980469 0.350926 0.022396 0.090741
1 0.553646 0.376852 0.018750 0.092593
1 0.656510 0.335185 0.021354 0.074074
1 0.623958 0.316204 0.031250 0.076852
1 0.488802 0.258796 0.015104 0.062037
1 0.013281 0.575926 0.026562 0.144444
1 0.415104 0.334722 0.021875 0.073148
0 0.430729 0.370833 0.006250 0.010185
2 0.354167 0.222222 0.012500 0.062963
1 0.770573 0.287037 0.023438 0.066667
1 0.979948 0.298148 0.018229 0.062963
