1 0.719271 0.512037 0.027083 0.081481
1 0.579427 0.291667 0.017188 0.072222
1 0.397917 0.412963 0.017708 0.092593
2 0.674219 0.186111 0.013021 0.061111
1 0.809115 0.250463 0.015104 0.069444
1 0.882812 0.513889 0.016667 0.096296
1 0.768490 0.545370 0.027604 0.098148
1 0.648177 0.793519 0.027604 0.133333
2 0.394010 0.615278 0.023438 0.104630
1 0.321094 0.500926 0.020313 0.090741
1 0.186198 0.648148 0.022396 0.107407
1 0.818229 0.396759 0.019792 0.084259
1 0.521354 0.473148 0.023958 0.081481
1 0.349479 0.469907 0.020833 0.089815
1 0.384896 0.405093 0.021875 0.093519
0 0.752344 0.597685 0.006771 0.012037
1 0.304688 0.524537 0.029167 0.086111
1 0.526302 0.636574 0.018229 0.099074
1 0.150000 0.948148 0.037500 0.101852
