2 0.354167 0.585185 0.032292 0.116667
0 0.471615 0.660648 0.007812 0.012037
1 0.089583 0.685648 0.029167 0.150926
1 0.632552 0.592593 0.032813 0.122222
1 0.171354 0.595370 0.022917 0.124074
1 0.434115 0.467593 0.018229 0.092593
1 0.056510 0.696296 0.030729 0.050000
1 0.539062 0.598148 0.042708 0.125926
1 0.127604 0.662037 0.040625 0.133333
1 0.646875 0.629630 0.042708 0.122222
1 0.389062 0.567130 0.034375 0.121296
1 0.520052 0.634259 0.039062 0.040741
1 0.462240 0.464352 0.017188 0.093519
1 0.794531 0.656481 0.038021 0.133333
1 0.628906 0.539352 0.024479 0.115741
1 0.621615 0.606481 0.032813 0.125926
