1 0.866406 0.439352 0.018229 0.121296
1 0.008333 0.358796 0.016667 0.108333
0 0.646354 0.819444 0.014583 0.027778
2 0.191146 0.312500 0.032292 0.099074
1 0.725000 0.278241 0.020833 0.091667
1 0.009635 0.351389 0.019271 0.108333
1 0.370312 0.418519 0.029167 0.116667
1 0.123958 0.552315 0.036458 0.134259
1 0.705208 0.745370 0.033333 0.170370
1 0.846354 0.439815 0.027083 0.133333
1 0.547396 0.456944 0.027083 0.121296
1 0.577604 0.568519 0.035417 0.146296
1 0.487760 0.200463 0.015104 0.069444
1 0.679167 0.267130 0.018750 0.091667
1 0.210156 0.287500 0.020313 0.097222
1 0.672656 0.417593 0.027604 0.125926
