1 0.114062 0.520833 0.025000 0.084259
1 0.200781 0.425000 0.025521 0.077778
1 0.262500 0.504630 0.023958 0.085185
1 0.029948 0.583333 0.034896 0.098148
1 0.389844 0.388426 0.018229 0.069444
1 0.411198 0.394444 0.016146 0.062963
1 0.359115 0.491667 0.017188 0.079630
1 0.307552 0.719444 0.029687 0.101852
2 0.214583 0.361111 0.021875 0.068519
0 0.393750 0.443056 0.004167 0.006481
1 0.245833 0.701389 0.029167 0.093519
2 0.480208 0.527315 0.025000 0.084259
1 0.465104 0.455093 0.023958 0.065741
1 0.742969 0.599537 0.024479 0.086111
1 0.716667 0.428704 0.020833 0.075926
1 0.870052 0.567130 0.033854 0.078704
1 0.598177 0.451852 0.027604 0.074074
1 0.784635 0.426389 0.019271 0.075000
