1 0.683073 0.582407 0.018229 0.090741
1 0.280469 0.706481 0.022396 0.088889
1 0.478646 0.509259 0.015625 0.074074
1 0.674479 0.416667 0.011458 0.075926
1 0.913281 0.527315 0.016146 0.078704
1 0.773177 0.350000 0.016146 0.066667
1 0.534635 0.402778 0.018229 0.072222
1 0.573698 0.222222 0.011979 0.048148
1 0.548438 0.340741 0.013542 0.061111
1 0.545833 0.275926 0.022917 0.053704
1 0.130469 0.637037 0.017188 0.090741
1 0.416406 0.349537 0.015104 0.063889
1 0.457552 0.392593 0.014063 0.059259
2 0.316927 0.487963 0.017188 0.070370
1 0.372135 0.312037 0.011979 0.055556
1 0.346615 0.406019 0.009896 0.065741
1 0.319010 0.286111 0.011979 0.057407
1 0.292187 0.733333 0.023958 0.031481
1 0.163281 0.383333 0.011979 0.066667
1 0.084115 0.465741 0.018229 0.072222
2 0.300000 0.163426 0.009375 0.043519
1 0.147656 0.355093 0.014063 0.063889
