0 0.753646 0.621296 0.013542 0.022222
2 0.230469 0.279167 0.020313 0.084259
1 0.242448 0.336111 0.024479 0.096296
1 0.533854 0.207407 0.014583 0.061111
1 0.796094 0.202778 0.015104 0.068519
1 0.413802 0.232870 0.020313 0.067593
1 0.642708 0.468981 0.033333 0.126852
1 0.529167 0.618981 0.033333 0.143519
1 0.282292 0.515741 0.029167 0.111111
1 0.774479 0.632407 0.040625 0.142593
1 0.144792 0.350000 0.031250 0.094444
1 0.721354 0.496759 0.029167 0.106481
1 0.431771 0.217593 0.020833 0.062963
1 0.614583 0.401389 0.025000 0.104630
1 0.522396 0.294907 0.023958 0.087963
1 0.524479 0.245370 0.017708 0.061111
1 0.617188 0.291204 0.026042 0.086111
1 0.674219 0.279167 0.018229 0.086111
1 0.546875 0.273611 0.017708 0.084259
