1 0.590104 0.736111 0.034375 0.094444
1 0.652865 0.474537 0.020313 0.078704
1 0.882812 0.622685 0.023958 0.104630
1 0.963021 0.546296 0.026042 0.090741
1 0.926302 0.167130 0.017188 0.052778
1 0.891406 0.365741 0.021354 0.064815
1 0.750260 0.290278 0.017188 0.063889
1 0.520312 0.737037 0.028125 0.096296
1 0.496354 0.579630 0.035417 0.081481
1 0.542969 0.561111 0.031771 0.074074
2 0.661458 0.514815 0.016667 0.085185
1 0.528906 0.289352 0.017188 0.058333
1 0.516146 0.433333 0.014583 0.077778
1 0.464062 0.266204 0.014583 0.067593
0 0.477604 0.613426 0.007292 0.012037
1 0.408073 0.667593 0.028646 0.031481
1 0.366406 0.422685 0.017188 0.076852
1 0.348958 0.618056 0.025000 0.095370
2 0.508854 0.081019 0.010417 0.047222
1 0.286719 0.431019 0.027604 0.080556
