1 0.246875 0.500000 0.017708 0.075926
1 0.279427 0.453704 0.021354 0.077778
1 0.382292 0.514352 0.018750 0.080556
1 0.233854 0.602315 0.022917 0.087963
1 0.346354 0.426389 0.018750 0.067593
1 0.471615 0.416204 0.020313 0.056481
1 0.410156 0.533333 0.019271 0.075926
1 0.504687 0.682870 0.020833 0.086111
2 0.302083 0.344907 0.016667 0.058333
0 0.526042 0.286574 0.004167 0.006481
1 0.478646 0.651389 0.021875 0.086111
2 0.514844 0.443056 0.018229 0.067593
1 0.557552 0.445370 0.022396 0.064815
1 0.556771 0.556019 0.018750 0.073148
1 0.597656 0.370370 0.020313 0.053704
1 0.639062 0.499074 0.023958 0.072222
1 0.619531 0.436574 0.017188 0.075000
1 0.699479 0.369907 0.016667 0.056481
1 0.701302 0.401852 0.022396 0.062963
1 0.753125 0.491667 0.018750 0.070370
1 0.750781 0.575926 0.026562 0.085185
1 0.796354 0.477778 0.025000 0.075926
1 0.794271 0.435648 0.021875 0.062037
