1 0.604948 0.796759 0.083854 0.191667
1 0.902344 0.587037 0.055729 0.190741
1 0.921875 0.813426 0.063542 0.213889
1 0.380208 0.617130 0.047917 0.191667
2 0.514062 0.604630 0.048958 0.183333
1 0.524219 0.525000 0.031771 0.155556
1 0.388281 0.212963 0.025521 0.135185
1 0.313021 0.431019 0.035417 0.167593
1 0.255990 0.439815 0.038021 0.153704
1 0.068750 0.164352 0.025000 0.125000
1 0.252344 0.211111 0.024479 0.133333
1 0.203125 0.050463 0.028125 0.100926
1 0.308594 0.023611 0.017188 0.047222
1 0.558594 0.038889 0.024479 0.077778
1 0.750781 0.141204 0.026562 0.073148
1 0.992188 0.398148 0.014583 0.140741
1 0.261979 0.026852 0.020833 0.053704
1 0.965885 0.025926 0.021354 0.051852
0 0.894792 0.787037 0.019792 0.029630
