1 0.987760 0.676389 0.023438 0.110185
1 0.760156 0.767130 0.032813 0.110185
1 0.567448 0.548611 0.019271 0.084259
1 0.914844 0.714815 0.036979 0.114815
1 0.939844 0.545833 0.023438 0.091667
1 0.938021 0.411111 0.015625 0.081481
1 0.924219 0.475000 0.019271 0.087037
1 0.855208 0.278704 0.014583 0.059259
1 0.720573 0.467130 0.015104 0.080556
1 0.824740 0.343056 0.015104 0.067593
1 0.625000 0.906019 0.034375 0.119444
1 0.415885 0.456481 0.016146 0.085185
1 0.463021 0.486574 0.021875 0.067593
2 0.661198 0.550926 0.023438 0.088889
1 0.424479 0.464352 0.017708 0.075000
1 0.527344 0.468056 0.023438 0.075000
1 0.390885 0.296759 0.020313 0.062037
0 0.511198 0.490741 0.005729 0.009259
1 0.376563 0.750926 0.034375 0.038889
1 0.272135 0.461111 0.018229 0.079630
1 0.210677 0.625000 0.020313 0.092593
2 0.403125 0.134722 0.012500 0.047222
1 0.215365 0.424537 0.021354 0.073148
