1 0.138542 0.497685 0.023958 0.082407
1 0.211719 0.510185 0.025521 0.087037
1 0.298438 0.387963 0.015625 0.074074
1 0.337500 0.363426 0.018750 0.060185
1 0.284115 0.538889 0.019271 0.079630
2 0.163542 0.257870 0.020833 0.052778
0 0.592969 0.400000 0.005729 0.007407
1 0.423438 0.925926 0.026042 0.116667
2 0.507292 0.486574 0.018750 0.078704
1 0.610938 0.431944 0.018750 0.071296
1 0.629167 0.563889 0.021875 0.077778
1 0.537240 0.346759 0.022396 0.058333
1 0.674219 0.571296 0.021354 0.087037
1 0.633594 0.439815 0.019271 0.077778
1 0.598437 0.381481 0.021875 0.062963
1 0.625781 0.374074 0.014063 0.077778
1 0.846875 0.493519 0.021875 0.079630
1 0.923177 0.701852 0.024479 0.105556
1 0.913802 0.524537 0.027604 0.089815
1 0.812240 0.419907 0.021354 0.069444
