1 0.177604 0.787500 0.050000 0.197222
1 0.310417 0.565741 0.037500 0.151852
0 0.395573 0.839352 0.016146 0.026852
2 0.254688 0.308333 0.021875 0.103704
1 0.421094 0.330556 0.018229 0.087037
1 0.466927 0.331481 0.017188 0.096296
1 0.907813 0.282870 0.025000 0.097222
1 0.329948 0.281481 0.021354 0.094444
1 0.444792 0.320370 0.015625 0.101852
1 0.295573 0.417130 0.023438 0.121296
1 0.554688 0.437037 0.025000 0.120370
1 0.599219 0.385185 0.027604 0.105556
1 0.424740 0.368056 0.029687 0.112037
1 0.555208 0.579630 0.040625 0.142593
1 0.351823 0.281481 0.021354 0.083333
1 0.419010 0.353241 0.019271 0.099074
1 0.572135 0.340741 0.022396 0.105556
1 0.433073 0.317593 0.014063 0.109259
1 0.437500 0.329167 0.023958 0.112037
1 0.481771 0.337037 0.019792 0.107407
1 0.416927 0.305093 0.022396 0.087963
1 0.505208 0.347685 0.022917 0.113889
