1 0.807031 0.773148 0.060937 0.177778
1 0.077865 0.605093 0.058854 0.143519
0 0.260677 0.417593 0.011979 0.020370
2 0.318229 0.353704 0.022917 0.107407
1 0.502344 0.389815 0.028646 0.112963
1 0.599479 0.334259 0.023958 0.094444
1 0.995833 0.312500 0.008333 0.023148
1 0.786719 0.307870 0.020313 0.067593
1 0.764323 0.428704 0.024479 0.118519
1 0.176042 0.510648 0.032292 0.130556
1 0.419531 0.502778 0.036979 0.118519
1 0.858333 0.465741 0.030208 0.118519
1 0.619271 0.447222 0.030208 0.118519
1 0.747656 0.580556 0.039062 0.125926
1 0.660417 0.323148 0.023958 0.083333
1 0.406250 0.424074 0.037500 0.107407
1 0.850521 0.420833 0.025000 0.117593
1 0.792448 0.387037 0.024479 0.105556
1 0.691146 0.379630 0.032292 0.111111
1 0.797656 0.404630 0.024479 0.111111
1 0.759896 0.346759 0.022917 0.084259
1 0.720052 0.379167 0.027604 0.110185
