1 0.721615 0.525000 0.020313 0.088889
1 0.499219 0.368519 0.018229 0.077778
1 0.301042 0.492130 0.020833 0.097222
2 0.543490 0.270833 0.017188 0.065741
1 0.718229 0.330556 0.015625 0.075926
1 0.793750 0.601389 0.052083 0.089815
1 0.797135 0.547222 0.022396 0.081481
1 0.558854 0.796296 0.023958 0.125926
2 0.329688 0.667593 0.022917 0.109259
1 0.156771 0.601389 0.026042 0.100926
1 0.083854 0.724074 0.028125 0.107407
1 0.737760 0.453241 0.021354 0.082407
1 0.441406 0.541204 0.019271 0.091667
1 0.198698 0.549074 0.021354 0.098148
1 0.238021 0.532870 0.020833 0.106481
0 0.770833 0.638889 0.006250 0.012963
1 0.123958 0.621759 0.031250 0.106481
1 0.425781 0.687500 0.021354 0.104630
1 0.369271 0.975463 0.023958 0.045370
