1 0.902865 0.408796 0.015104 0.058333
1 0.681250 0.286574 0.013542 0.045370
1 0.524740 0.304167 0.016146 0.050926
2 0.532552 0.243981 0.011979 0.039815
1 0.906250 0.371296 0.015625 0.046296
1 0.870052 0.468519 0.017188 0.057407
1 0.486979 0.461574 0.018750 0.065741
1 0.812760 0.664352 0.021354 0.087963
2 0.775781 0.401389 0.016146 0.058333
1 0.557813 0.829167 0.023958 0.091667
1 0.597656 0.332870 0.013021 0.045370
1 0.678646 0.478241 0.015625 0.062037
1 0.419271 0.436111 0.013542 0.064815
1 0.298698 0.350926 0.014063 0.059259
0 0.232292 0.659259 0.006250 0.009259
1 0.214323 0.621759 0.020313 0.082407
1 0.780208 0.596296 0.022917 0.066667
1 0.158594 0.331481 0.011979 0.057407
