2 0.376042 0.584259 0.033333 0.116667
0 0.471615 0.659722 0.007812 0.012037
1 0.093490 0.685185 0.031771 0.150000
1 0.625781 0.592593 0.021354 0.124074
1 0.169792 0.594907 0.018750 0.126852
1 0.421094 0.468056 0.026562 0.093519
1 0.057552 0.695370 0.032813 0.051852
1 0.546875 0.598148 0.050000 0.124074
1 0.122656 0.662037 0.036979 0.133333
1 0.641927 0.631019 0.048438 0.125000
1 0.399219 0.568056 0.028646 0.121296
1 0.523438 0.632870 0.041667 0.041667
1 0.460677 0.465278 0.016146 0.093519
1 0.789583 0.656944 0.036458 0.134259
1 0.625781 0.543056 0.025521 0.115741
1 0.612760 0.604167 0.019271 0.125000
