1 0.172396 0.800926 0.079167 0.170370
1 0.268750 0.573611 0.038542 0.156481
0 0.391406 0.838426 0.016146 0.026852
2 0.277344 0.306019 0.017188 0.099074
1 0.407031 0.347685 0.026562 0.108333
1 0.454167 0.314352 0.018750 0.091667
1 0.899740 0.285185 0.022396 0.090741
1 0.358854 0.293519 0.022917 0.090741
1 0.436198 0.318981 0.014063 0.099074
1 0.316667 0.410648 0.021875 0.117593
1 0.553906 0.431944 0.020313 0.112037
1 0.582552 0.382870 0.039062 0.108333
1 0.496354 0.373611 0.025000 0.108333
1 0.554948 0.582407 0.030729 0.140741
1 0.376042 0.290278 0.022917 0.086111
1 0.426823 0.354167 0.019271 0.100926
1 0.573698 0.350000 0.020313 0.105556
1 0.438542 0.311111 0.011458 0.092593
1 0.448698 0.326389 0.015104 0.110185
1 0.490104 0.345833 0.019792 0.104630
1 0.418229 0.309259 0.018750 0.092593
1 0.514062 0.349537 0.022917 0.112037
