1 0.470313 0.828241 0.023958 0.113889
1 0.823438 0.650463 0.025000 0.095370
1 0.845833 0.894444 0.032292 0.135185
1 0.344010 0.632407 0.027604 0.094444
2 0.630469 0.482407 0.015104 0.072222
1 0.690885 0.688426 0.022396 0.095370
1 0.262240 0.511574 0.021354 0.078704
1 0.343229 0.595833 0.022917 0.089815
1 0.516406 0.679630 0.024479 0.101852
1 0.156771 0.542593 0.018750 0.079630
1 0.230990 0.468056 0.015104 0.071296
1 0.338802 0.493056 0.016146 0.071296
1 0.336719 0.407407 0.010937 0.059259
1 0.406771 0.380556 0.012500 0.051852
1 0.573438 0.392130 0.014583 0.056481
1 0.685937 0.452315 0.013542 0.065741
1 0.843750 0.626852 0.019792 0.098148
1 0.390885 0.380093 0.015104 0.054630
1 0.787760 0.396296 0.009896 0.059259
0 0.459635 0.818056 0.003646 0.010185
2 0.613802 0.258796 0.006771 0.030556
1 0.922396 0.488426 0.015625 0.075000
1 0.180729 0.341204 0.012500 0.052778
