1 0.565885 0.372222 0.021354 0.088889
1 0.314583 0.329167 0.019792 0.082407
1 0.234115 0.325000 0.015104 0.083333
1 0.584635 0.394444 0.021354 0.101852
1 0.754687 0.413426 0.037500 0.100926
1 0.612760 0.383796 0.019271 0.091667
1 0.055729 0.489815 0.018750 0.118519
1 0.260417 0.332870 0.013542 0.080556
1 0.323177 0.282870 0.017188 0.076852
1 0.745052 0.410185 0.020313 0.096296
1 0.384635 0.401852 0.019271 0.100000
2 0.130729 0.481019 0.031250 0.113889
1 0.270313 0.493056 0.019792 0.117593
1 0.748177 0.520833 0.022396 0.121296
1 0.670573 0.686111 0.041146 0.183333
0 0.679688 0.606481 0.010417 0.020370
1 0.602344 0.398148 0.018229 0.094444
