1 0.818490 0.557870 0.030729 0.141667
1 0.881771 0.467130 0.031250 0.128704
1 0.634635 0.425926 0.020313 0.109259
1 0.758854 0.608796 0.039583 0.152778
2 0.778646 0.507870 0.050000 0.128704
1 0.271615 0.575926 0.024479 0.148148
1 0.507552 0.411574 0.020313 0.112037
1 0.271354 0.428704 0.028125 0.112963
1 0.203125 0.463426 0.023958 0.119444
1 0.063281 0.566667 0.028646 0.150000
2 0.119271 0.407870 0.029167 0.112037
1 0.050260 0.474074 0.032813 0.131481
0 0.503646 0.398148 0.007292 0.012963
1 0.650521 0.811111 0.040625 0.200000
