2 0.301302 0.583333 0.033854 0.114815
0 0.471615 0.659722 0.007812 0.012037
1 0.092448 0.688889 0.034896 0.151852
1 0.659635 0.591204 0.028646 0.119444
1 0.151302 0.593519 0.024479 0.124074
1 0.463542 0.465741 0.025000 0.092593
1 0.048177 0.693981 0.040104 0.054630
1 0.511719 0.600000 0.055729 0.125926
1 0.173698 0.663889 0.035937 0.137037
1 0.691927 0.637500 0.027604 0.125000
1 0.361979 0.560648 0.042708 0.117593
1 0.520573 0.632407 0.036979 0.040741
1 0.470052 0.462037 0.018229 0.092593
1 0.833854 0.650463 0.034375 0.132407
1 0.641927 0.531944 0.022396 0.117593
1 0.656510 0.606481 0.028646 0.127778
