1 0.500000 0.525926 0.023958 0.083333
1 0.548698 0.457870 0.019271 0.073148
1 0.296354 0.536574 0.018750 0.099074
2 0.489844 0.381944 0.015104 0.069444
1 0.855469 0.467130 0.019271 0.080556
1 0.928385 0.772222 0.031771 0.109259
1 0.842969 0.586111 0.022396 0.100000
1 0.610938 0.714815 0.031250 0.109259
2 0.422396 0.712963 0.023958 0.103704
1 0.185677 0.652778 0.023438 0.094444
1 0.241927 0.729167 0.030729 0.097222
1 0.692708 0.456019 0.021875 0.063889
1 0.353125 0.600463 0.017708 0.091667
1 0.140625 0.631481 0.038542 0.100000
1 0.167448 0.626852 0.025521 0.103704
0 0.688542 0.484722 0.006250 0.008333
1 0.042188 0.681019 0.028125 0.110185
1 0.089583 0.801389 0.025000 0.112037
