1 0.866406 0.732407 0.054688 0.159259
1 0.104167 0.589352 0.043750 0.125000
0 0.260156 0.398611 0.010937 0.019444
2 0.337760 0.350926 0.029687 0.101852
1 0.515625 0.383796 0.028125 0.110185
1 0.612500 0.328704 0.020833 0.094444
1 0.996094 0.331481 0.006771 0.037037
1 0.803385 0.316204 0.024479 0.078704
1 0.781250 0.423148 0.020833 0.114815
1 0.188802 0.509722 0.038021 0.121296
1 0.404687 0.500926 0.033333 0.118519
1 0.861458 0.464352 0.030208 0.115741
1 0.619271 0.446759 0.021875 0.121296
1 0.783333 0.570370 0.034375 0.125926
1 0.664323 0.318981 0.028646 0.080556
1 0.395833 0.419907 0.041667 0.102778
1 0.857031 0.418981 0.026562 0.117593
1 0.789062 0.363426 0.019792 0.075000
1 0.692708 0.368981 0.032292 0.108333
1 0.801042 0.399074 0.018750 0.105556
1 0.760677 0.350463 0.033854 0.097222
1 0.717187 0.377315 0.021875 0.106481
