2 0.501823 0.428704 0.025521 0.090741
1 0.995052 0.570833 0.008854 0.062037
1 0.857292 0.532870 0.026042 0.123148
1 0.729427 0.553704 0.026562 0.122222
0 0.478906 0.531944 0.008854 0.015741
1 0.445052 0.491667 0.050521 0.101852
1 0.646875 0.450926 0.031250 0.101852
1 0.652344 0.364815 0.021354 0.083333
1 0.830990 0.405093 0.021354 0.093519
1 0.729948 0.411111 0.023438 0.088889
1 0.766146 0.452778 0.031250 0.107407
1 0.791406 0.487963 0.029687 0.118519
1 0.658333 0.350000 0.017708 0.083333
1 0.397917 0.449537 0.025000 0.093519
1 0.070833 0.702778 0.042708 0.181481
1 0.334115 0.848611 0.047396 0.182407
1 0.435156 0.492593 0.052604 0.103704
1 0.316667 0.497685 0.030208 0.106481
1 0.213542 0.371759 0.027083 0.078704
