1 0.093229 0.490278 0.026042 0.080556
0 0.602344 0.419907 0.005729 0.008333
1 0.560156 0.417593 0.016146 0.064815
1 0.005469 0.558796 0.010937 0.102778
1 0.292969 0.681481 0.034896 0.118519
2 0.311458 0.530093 0.030208 0.097222
1 0.215625 0.690278 0.028125 0.136111
1 0.460156 0.563889 0.029687 0.109259
1 0.523698 0.475926 0.026562 0.081481
1 0.564844 0.431481 0.024479 0.064815
1 0.758073 0.545370 0.034896 0.105556
1 0.787240 0.515741 0.033854 0.090741
1 0.739844 0.625000 0.036979 0.114815
1 0.913021 0.907870 0.051042 0.165741
1 0.855208 0.593056 0.032292 0.113889
1 0.908594 0.665278 0.025521 0.119444
