1 0.774219 0.973611 0.036979 0.050926
1 0.437500 0.393981 0.020833 0.073148
1 0.129167 0.686111 0.032292 0.131481
1 0.269271 0.476389 0.033333 0.082407
1 0.467969 0.743056 0.030729 0.147222
1 0.331510 0.497685 0.024479 0.086111
1 0.665104 0.381481 0.018750 0.064815
2 0.378385 0.306019 0.011979 0.049074
0 0.371615 0.448611 0.011979 0.013889
1 0.810156 0.322685 0.020313 0.052778
1 0.555729 0.443519 0.019792 0.079630
1 0.783594 0.569907 0.027604 0.110185
2 0.831771 0.432870 0.017708 0.084259
1 0.903906 0.580556 0.030729 0.120370
1 0.928125 0.481944 0.020833 0.097222
1 0.958073 0.401852 0.020313 0.074074
1 0.963542 0.381019 0.013542 0.060185
