1 0.204427 0.462963 0.022396 0.079630
1 0.269271 0.412963 0.027083 0.081481
1 0.349479 0.494907 0.026042 0.086111
1 0.119010 0.538889 0.027604 0.092593
1 0.385677 0.383333 0.019271 0.074074
1 0.633073 0.421759 0.024479 0.071296
1 0.476042 0.480556 0.019792 0.081481
1 0.413021 0.708333 0.029167 0.107407
2 0.357292 0.329167 0.015625 0.065741
0 0.423958 0.414352 0.004167 0.006481
1 0.331771 0.663889 0.031250 0.098148
2 0.599219 0.502315 0.023438 0.084259
1 0.678906 0.429167 0.025521 0.075000
1 0.840625 0.596759 0.031250 0.089815
1 0.872656 0.402778 0.019271 0.079630
1 0.927344 0.557407 0.025521 0.094444
1 0.805729 0.450926 0.026042 0.085185
1 0.950781 0.404167 0.027604 0.082407
