2 0.796094 0.577315 0.027604 0.128704
1 0.934375 0.545370 0.035417 0.118519
1 0.301042 0.706944 0.033333 0.149074
0 0.528906 0.750463 0.010937 0.019444
1 0.773177 0.622685 0.053646 0.071296
1 0.843490 0.486111 0.029687 0.101852
1 0.691146 0.382870 0.020833 0.091667
1 0.430469 0.587500 0.027604 0.119444
1 0.837760 0.656481 0.050521 0.070370
1 0.810677 0.446296 0.027604 0.094444
1 0.607812 0.433333 0.021875 0.098148
2 0.830729 0.267130 0.014583 0.054630
1 0.403646 0.465278 0.020833 0.100926
1 0.113281 0.350000 0.021354 0.083333
