2 0.104688 0.625463 0.043750 0.130556
2 0.987240 0.653241 0.024479 0.089815
1 0.583594 0.709259 0.032813 0.144444
1 0.357552 0.749074 0.033854 0.166667
1 0.402083 0.735648 0.031250 0.150926
1 0.084115 0.568981 0.039062 0.117593
1 0.010677 0.475463 0.021354 0.082407
1 0.056771 0.428241 0.033333 0.084259
1 0.223438 0.449074 0.021875 0.085185
1 0.258073 0.442593 0.026562 0.088889
1 0.457292 0.470833 0.035417 0.091667
1 0.400000 0.356944 0.031250 0.071296
1 0.718750 0.581481 0.027083 0.107407
1 0.618229 0.572222 0.033333 0.118519
