0 0.311198 0.236111 0.010937 0.016667
2 0.328906 0.333333 0.031771 0.087037
1 0.295833 0.429167 0.040625 0.095370
1 0.676302 0.253704 0.015104 0.062963
1 0.948438 0.252778 0.017708 0.066667
1 0.454688 0.287963 0.029167 0.070370
1 0.768750 0.561111 0.038542 0.137037
1 0.877083 0.648148 0.040625 0.155556
1 0.322917 0.703704 0.057292 0.150000
1 0.908854 0.663889 0.036458 0.137037
1 0.163021 0.379630 0.034375 0.094444
1 0.598698 0.616204 0.049479 0.125000
1 0.563021 0.255556 0.016667 0.064815
1 0.611979 0.507870 0.038542 0.125000
1 0.566406 0.353704 0.031771 0.092593
1 0.620573 0.301389 0.028646 0.076852
1 0.697135 0.322685 0.020313 0.078704
1 0.816406 0.347222 0.023438 0.092593
1 0.684115 0.333796 0.024479 0.082407
