1 0.148438 0.473611 0.027083 0.076852
0 0.614844 0.418056 0.005729 0.008333
1 0.586458 0.405556 0.015625 0.062963
1 0.034115 0.542130 0.039062 0.100926
1 0.328125 0.663426 0.031250 0.117593
2 0.350781 0.517593 0.032813 0.096296
1 0.293750 0.673148 0.028125 0.131481
1 0.495573 0.550000 0.028646 0.103704
1 0.548177 0.471296 0.024479 0.081481
1 0.577865 0.418519 0.020313 0.064815
1 0.758073 0.534259 0.044271 0.101852
1 0.789844 0.507870 0.033854 0.089815
1 0.760938 0.622222 0.031250 0.109259
1 0.908594 0.909722 0.047396 0.167593
1 0.859375 0.580093 0.041667 0.106481
1 0.931510 0.663889 0.033854 0.120370
