1 0.975000 0.960185 0.048958 0.077778
1 0.994010 0.479630 0.010937 0.083333
1 0.346354 0.453241 0.038542 0.115741
1 0.984375 0.543981 0.026042 0.136111
2 0.826823 0.324074 0.022396 0.094444
1 0.415625 0.388426 0.025000 0.093519
1 0.738281 0.324537 0.020313 0.095370
1 0.553646 0.297222 0.017708 0.087037
1 0.538021 0.242593 0.017708 0.075926
1 0.315885 0.320833 0.025521 0.095370
0 0.337240 0.513426 0.008854 0.015741
2 0.268490 0.203241 0.015104 0.075000
1 0.974219 0.281019 0.019271 0.086111
1 0.958073 0.266204 0.020313 0.086111
1 0.948958 0.432870 0.032292 0.110185
1 0.822656 0.319444 0.032813 0.083333
1 0.906250 0.338426 0.035417 0.091667
