1 0.519792 0.892130 0.028125 0.113889
1 0.771875 0.710185 0.028125 0.103704
1 0.750521 0.887037 0.028125 0.157407
1 0.426042 0.725000 0.028125 0.105556
2 0.578906 0.683333 0.017188 0.100000
1 0.530469 0.731944 0.018229 0.099074
1 0.338542 0.548148 0.023958 0.075926
1 0.353125 0.666667 0.022917 0.092593
1 0.367448 0.714352 0.021354 0.097222
1 0.157031 0.607870 0.023438 0.084259
1 0.215365 0.515278 0.014063 0.073148
1 0.326042 0.544444 0.014583 0.074074
1 0.304427 0.456481 0.013021 0.059259
1 0.361198 0.424074 0.010937 0.050000
1 0.507292 0.435185 0.013542 0.055556
1 0.618229 0.489815 0.011458 0.064815
1 0.764583 0.642593 0.018750 0.092593
1 0.329427 0.425926 0.013021 0.051852
1 0.721094 0.432407 0.011979 0.057407
0 0.506771 0.877778 0.006250 0.012963
2 0.544792 0.303704 0.007292 0.029630
1 0.825260 0.517593 0.016146 0.072222
1 0.111198 0.393981 0.009896 0.050926
1 0.940885 0.622222 0.020313 0.085185
