2 0.845313 0.608333 0.030208 0.137037
1 0.751302 0.556019 0.028646 0.099074
1 0.358073 0.645833 0.023438 0.113889
0 0.536458 0.787963 0.010417 0.020370
1 0.813802 0.635185 0.023438 0.079630
1 0.981510 0.656481 0.035937 0.127778
1 0.821875 0.487500 0.019792 0.084259
1 0.695052 0.446296 0.016146 0.072222
1 0.385156 0.603704 0.024479 0.111111
1 0.830208 0.635185 0.025000 0.125926
1 0.713281 0.467593 0.019271 0.079630
1 0.615104 0.450463 0.018750 0.084259
2 0.874740 0.329167 0.011979 0.050926
1 0.480729 0.490741 0.019792 0.088889
1 0.263542 0.401852 0.017708 0.072222
