2 0.272656 0.581944 0.026562 0.113889
0 0.471615 0.658796 0.007812 0.012037
1 0.101302 0.690741 0.031771 0.151852
1 0.673698 0.593519 0.033854 0.116667
1 0.144010 0.592593 0.030729 0.122222
1 0.478906 0.464815 0.024479 0.092593
1 0.048438 0.693056 0.037500 0.052778
1 0.502865 0.600463 0.055729 0.126852
1 0.192448 0.662963 0.031771 0.137037
1 0.716146 0.640278 0.027083 0.125000
1 0.352865 0.558333 0.040104 0.118519
1 0.519531 0.631481 0.036979 0.040741
1 0.475521 0.459722 0.015625 0.091667
1 0.843490 0.648611 0.027604 0.132407
1 0.646875 0.526852 0.019792 0.112963
1 0.673177 0.607407 0.034896 0.125926
