1 0.418750 0.498611 0.022917 0.110185
1 0.157031 0.895370 0.048438 0.183333
1 0.215365 0.762500 0.049479 0.167593
1 0.657031 0.924537 0.033854 0.149074
0 0.653646 0.475926 0.006250 0.009259
1 0.185938 0.570370 0.027083 0.118519
1 0.711198 0.596296 0.025521 0.129630
2 0.513021 0.619444 0.026042 0.133333
1 0.642448 0.746296 0.033854 0.162963
1 0.884896 0.662500 0.032292 0.147222
1 0.559115 0.551852 0.022396 0.114815
1 0.954948 0.550926 0.025521 0.116667
1 0.903385 0.830093 0.040104 0.169444
1 0.443229 0.587037 0.028125 0.116667
