1 0.501823 0.852315 0.028646 0.112037
1 0.838021 0.674537 0.017708 0.102778
1 0.815365 0.897222 0.025521 0.131481
1 0.408333 0.658333 0.020833 0.098148
2 0.648438 0.538426 0.017708 0.073148
1 0.642708 0.703241 0.017708 0.095370
1 0.319010 0.523611 0.019271 0.073148
1 0.390365 0.625000 0.017188 0.092593
1 0.506771 0.699537 0.021875 0.097222
1 0.189583 0.564815 0.016667 0.079630
1 0.251823 0.489815 0.014063 0.072222
1 0.363542 0.521296 0.012500 0.072222
1 0.341146 0.432407 0.014583 0.059259
1 0.422917 0.396296 0.011458 0.051852
1 0.568229 0.411111 0.014583 0.055556
1 0.677604 0.468981 0.013542 0.063889
1 0.826562 0.635648 0.019792 0.099074
1 0.401302 0.395370 0.011979 0.051852
1 0.777344 0.415741 0.009896 0.057407
0 0.485417 0.826389 0.009375 0.017593
2 0.607031 0.280556 0.006771 0.029630
1 0.917708 0.501389 0.018750 0.071296
1 0.183594 0.363889 0.008854 0.050000
