1 0.717448 0.387500 0.021354 0.069444
1 0.510938 0.348611 0.022917 0.075000
1 0.408854 0.324537 0.019792 0.065741
1 0.683333 0.433796 0.035417 0.097222
1 0.746094 0.454167 0.028646 0.087963
1 0.911458 0.465741 0.027083 0.094444
1 0.228646 0.487963 0.028125 0.100000
1 0.379948 0.329630 0.018229 0.059259
1 0.570312 0.286111 0.016667 0.053704
0 0.943750 0.518056 0.018750 0.013889
1 0.900000 0.491667 0.032292 0.096296
1 0.428646 0.411574 0.025000 0.082407
2 0.438021 0.522685 0.034375 0.108333
1 0.463542 0.550926 0.031250 0.105556
1 0.144792 0.485648 0.025000 0.091667
1 0.649219 0.648611 0.038021 0.125000
1 0.727344 0.690741 0.039062 0.135185
1 0.049740 0.661111 0.039062 0.151852
1 0.079167 0.356481 0.026042 0.077778
