1 0.796094 0.926852 0.050521 0.144444
1 0.831771 0.480556 0.031250 0.116667
1 0.197396 0.453241 0.047917 0.110185
1 0.846875 0.519444 0.026042 0.127778
2 0.759896 0.336111 0.027083 0.087037
1 0.353906 0.371759 0.022396 0.087963
1 0.591927 0.329630 0.023438 0.085185
1 0.448698 0.303704 0.016146 0.079630
1 0.396875 0.251852 0.021875 0.072222
1 0.286979 0.333796 0.025000 0.087963
0 0.392188 0.368056 0.010417 0.013889
2 0.165885 0.218519 0.016146 0.072222
1 0.761979 0.290278 0.025000 0.080556
1 0.830990 0.285185 0.023438 0.081481
1 0.830208 0.417593 0.026042 0.094444
1 0.669010 0.346296 0.032813 0.087037
1 0.980990 0.298611 0.028646 0.075000
1 0.743490 0.351852 0.036979 0.087037
