1 0.886198 0.664815 0.030729 0.114815
1 0.542448 0.475926 0.027604 0.100000
1 0.241406 0.522685 0.030729 0.112037
2 0.623698 0.281019 0.014063 0.075000
1 0.411979 0.597222 0.025000 0.116667
2 0.170313 0.687037 0.037500 0.109259
1 0.257292 0.867593 0.040625 0.133333
1 0.763542 0.572222 0.025000 0.105556
1 0.533073 0.648148 0.028646 0.114815
1 0.316667 0.590741 0.026042 0.112963
1 0.330729 0.430556 0.025000 0.096296
1 0.022396 0.618981 0.032292 0.125000
1 0.671094 0.914815 0.033854 0.129630
1 0.364323 0.441204 0.054688 0.043519
