1 0.239583 0.524074 0.020833 0.085185
1 0.326562 0.448611 0.029167 0.071296
1 0.502083 0.500926 0.022917 0.085185
1 0.221615 0.607407 0.027604 0.090741
1 0.586719 0.389815 0.017188 0.072222
1 0.660156 0.383796 0.015104 0.062037
1 0.576302 0.507407 0.021354 0.072222
1 0.476302 0.703704 0.022396 0.101852
2 0.392448 0.351852 0.018229 0.066667
0 0.157031 0.526852 0.004687 0.007407
1 0.528125 0.749074 0.026042 0.092593
2 0.670312 0.522685 0.019792 0.080556
1 0.531510 0.445833 0.029687 0.062037
1 0.876302 0.604167 0.022396 0.082407
1 0.864844 0.432407 0.022396 0.075926
1 0.935156 0.596759 0.021354 0.086111
1 0.541667 0.470833 0.029167 0.076852
1 0.901042 0.437037 0.025000 0.077778
