1 0.458073 0.824074 0.025521 0.114815
1 0.817969 0.642130 0.020313 0.099074
1 0.866406 0.894444 0.022396 0.135185
1 0.322917 0.624074 0.020833 0.098148
2 0.625260 0.466204 0.015104 0.071296
1 0.707031 0.686574 0.018229 0.097222
1 0.245573 0.503241 0.020313 0.078704
1 0.323437 0.587037 0.028125 0.087037
1 0.509896 0.669444 0.020833 0.101852
1 0.141146 0.533333 0.017708 0.081481
1 0.220573 0.457407 0.015104 0.074074
1 0.330208 0.482870 0.017708 0.073148
1 0.332031 0.396759 0.011979 0.063889
1 0.401302 0.369444 0.010937 0.053704
1 0.574479 0.381019 0.013542 0.058333
1 0.689323 0.442130 0.014063 0.067593
1 0.849479 0.624537 0.021875 0.102778
1 0.385156 0.368981 0.017188 0.054630
1 0.791927 0.385185 0.009896 0.059259
0 0.452083 0.818056 0.006250 0.012037
2 0.615885 0.244907 0.006771 0.030556
1 0.926042 0.479167 0.018750 0.078704
1 0.174479 0.331019 0.012500 0.049074
