1 0.190625 0.493981 0.032292 0.078704
1 0.235417 0.466667 0.026042 0.079630
1 0.301302 0.514815 0.021354 0.079630
1 0.113021 0.603241 0.026042 0.095370
1 0.262240 0.428241 0.029687 0.075000
1 0.491406 0.405093 0.019271 0.063889
1 0.367969 0.498611 0.027604 0.071296
1 0.426823 0.734722 0.033854 0.099074
2 0.301563 0.343056 0.025000 0.062037
0 0.412500 0.333333 0.004167 0.007407
1 0.368229 0.680556 0.026042 0.088889
2 0.573958 0.467130 0.025000 0.067593
1 0.506771 0.412037 0.015625 0.066667
1 0.586979 0.558333 0.023958 0.083333
1 0.603125 0.357870 0.020833 0.056481
1 0.666667 0.510185 0.025000 0.074074
1 0.671094 0.421296 0.023438 0.070370
1 0.738021 0.363889 0.019792 0.066667
1 0.783854 0.399537 0.026042 0.069444
1 0.838021 0.502778 0.027083 0.081481
1 0.809635 0.623148 0.028646 0.087037
1 0.915625 0.497685 0.021875 0.082407
1 0.897917 0.434259 0.014583 0.074074
