2 0.567708 0.440741 0.019792 0.098148
1 0.913281 0.546296 0.030729 0.120370
1 0.775000 0.573148 0.028125 0.124074
0 0.446875 0.528704 0.010417 0.016667
1 0.478646 0.472222 0.037500 0.083333
1 0.718750 0.457870 0.030208 0.099074
1 0.708854 0.373611 0.021875 0.082407
1 0.903385 0.406019 0.023438 0.091667
1 0.795573 0.410185 0.030729 0.085185
1 0.878125 0.448611 0.031250 0.095370
1 0.887240 0.498148 0.039062 0.112963
1 0.737500 0.353241 0.023958 0.080556
1 0.408854 0.449537 0.030208 0.084259
1 0.149219 0.702315 0.043229 0.173148
1 0.360677 0.853241 0.046354 0.178704
1 0.380469 0.501852 0.047396 0.094444
1 0.312760 0.511111 0.033854 0.101852
1 0.220573 0.383333 0.026562 0.079630
