1 0.992448 0.458333 0.014063 0.133333
1 0.651563 0.506481 0.029167 0.133333
1 0.833594 0.418519 0.015104 0.116667
1 0.612760 0.393981 0.016146 0.104630
1 0.557813 0.520370 0.032292 0.131481
1 0.092708 0.625926 0.035417 0.162963
1 0.940885 0.393981 0.029687 0.110185
2 0.754948 0.468519 0.025521 0.120370
1 0.319792 0.539815 0.023958 0.138889
1 0.488281 0.380093 0.022396 0.102778
1 0.171875 0.400926 0.019792 0.107407
1 0.192448 0.427778 0.024479 0.109259
1 0.190625 0.528704 0.030208 0.140741
2 0.126562 0.374537 0.027083 0.104630
1 0.083594 0.440278 0.020313 0.125000
0 0.480469 0.370370 0.006771 0.011111
1 0.570833 0.681944 0.030208 0.167593
