2 0.649219 0.435648 0.029687 0.087963
1 0.984115 0.554630 0.030729 0.116667
1 0.756771 0.719907 0.041667 0.137963
0 0.610938 0.625926 0.010417 0.016667
1 0.669271 0.565278 0.031250 0.108333
1 0.923438 0.357407 0.027083 0.075926
1 0.668490 0.454630 0.028646 0.087037
1 0.384635 0.431019 0.031771 0.100926
1 0.417708 0.692130 0.055208 0.136111
1 0.654427 0.575463 0.045312 0.121296
1 0.674740 0.399074 0.034896 0.077778
1 0.318750 0.451389 0.034375 0.099074
2 0.353125 0.256481 0.018750 0.050000
1 0.161719 0.533796 0.031771 0.115741
