1 0.378906 0.423148 0.017188 0.085185
1 0.600000 0.425463 0.023958 0.091667
1 0.351302 0.541667 0.040104 0.109259
2 0.304167 0.480093 0.023958 0.102778
1 0.992448 0.551389 0.014063 0.119444
1 0.497656 0.486111 0.028646 0.092593
1 0.898177 0.475000 0.031771 0.109259
1 0.555729 0.468981 0.018750 0.087963
1 0.595052 0.391667 0.024479 0.070370
1 0.553646 0.544444 0.041667 0.096296
1 0.299219 0.558333 0.024479 0.114815
1 0.323437 0.475000 0.020833 0.100000
1 0.111979 0.443981 0.025000 0.087963
0 0.483854 0.525926 0.007292 0.011111
1 0.941667 0.698148 0.039583 0.137037
1 0.674219 0.422685 0.026562 0.087963
