1 0.790625 0.514815 0.030208 0.142593
1 0.184896 0.667130 0.047917 0.180556
1 0.639062 0.488889 0.032292 0.142593
1 0.558854 0.504167 0.033333 0.147222
1 0.228125 0.520833 0.038542 0.156481
1 0.322396 0.584259 0.054167 0.175926
1 0.678385 0.442593 0.031771 0.148148
1 0.351823 0.438426 0.041146 0.141667
1 0.208594 0.395370 0.027604 0.131481
1 0.308333 0.973611 0.033333 0.050926
1 0.272656 0.388426 0.030729 0.123148
2 0.072656 0.444444 0.054688 0.142593
1 0.800000 0.432870 0.045833 0.147222
1 0.685937 0.438889 0.026042 0.135185
