1 0.264583 0.548148 0.025000 0.096296
1 0.555469 0.455556 0.030729 0.068519
1 0.441146 0.536574 0.034375 0.099074
1 0.664583 0.529630 0.023958 0.085185
1 0.681771 0.442593 0.018750 0.059259
1 0.480729 0.561574 0.021875 0.102778
1 0.635156 0.472685 0.033854 0.063889
1 0.633854 0.445833 0.021875 0.071296
1 0.757031 0.487037 0.018229 0.087037
1 0.878906 0.460648 0.018229 0.075000
2 0.897656 0.393519 0.013021 0.068519
2 0.816667 0.562963 0.028125 0.107407
0 0.615104 0.507870 0.006250 0.010185
1 0.498698 0.472222 0.013021 0.083333
1 0.359635 0.522222 0.023438 0.090741
1 0.413802 0.492130 0.014063 0.087963
