1 0.386719 0.418981 0.010937 0.054630
1 0.352604 0.419444 0.012500 0.055556
1 0.321094 0.411574 0.009896 0.062037
1 0.151302 0.481944 0.011979 0.069444
1 0.016406 0.444907 0.013021 0.060185
1 0.182552 0.413426 0.014063 0.056481
1 0.229167 0.429167 0.015625 0.062037
1 0.249479 0.415278 0.011458 0.058333
1 0.269271 0.406481 0.013542 0.059259
1 0.242188 0.402778 0.010417 0.055556
1 0.891146 0.559259 0.019792 0.077778
1 0.009635 0.515741 0.019271 0.079630
1 0.071094 0.416667 0.014063 0.061111
1 0.121094 0.428241 0.014063 0.062037
1 0.326302 0.417593 0.011979 0.059259
1 0.346354 0.422685 0.010417 0.060185
1 0.376302 0.417593 0.015104 0.057407
1 0.341667 0.406944 0.009375 0.054630
1 0.341927 0.400463 0.014063 0.056481
2 0.098958 0.398611 0.013542 0.056481
2 0.944271 0.543981 0.013542 0.078704
0 0.897656 0.568981 0.005729 0.010185
