1 0.511719 0.540278 0.027604 0.126852
1 0.502344 0.505093 0.026562 0.108333
1 0.038542 0.457407 0.021875 0.109259
1 0.195312 0.609259 0.033333 0.133333
1 0.583594 0.515741 0.035937 0.118519
1 0.740365 0.427778 0.022396 0.090741
1 0.597135 0.512500 0.041146 0.112037
1 0.359115 0.530556 0.028646 0.118519
1 0.272135 0.282870 0.018229 0.069444
2 0.143229 0.434259 0.020833 0.107407
1 0.799479 0.455093 0.018750 0.110185
1 0.752083 0.487500 0.022917 0.119444
1 0.653906 0.450000 0.019271 0.107407
1 0.622656 0.504167 0.028646 0.112037
1 0.767708 0.458333 0.020833 0.096296
1 0.730990 0.470370 0.021354 0.114815
1 0.669531 0.429630 0.019271 0.094444
1 0.681771 0.472222 0.025000 0.109259
1 0.715104 0.438889 0.025000 0.103704
1 0.390104 0.502778 0.028125 0.092593
1 0.604948 0.505556 0.016146 0.111111
0 0.249479 0.318981 0.005208 0.010185
