1 0.700521 0.611111 0.029167 0.118519
1 0.522656 0.380093 0.021354 0.091667
1 0.214062 0.444907 0.039583 0.104630
1 0.519010 0.725463 0.034896 0.132407
1 0.068750 0.482870 0.039583 0.102778
1 0.179688 0.302778 0.030208 0.079630
1 0.473698 0.463426 0.023438 0.110185
1 0.446094 0.392593 0.020313 0.090741
1 0.412240 0.324537 0.019271 0.076852
1 0.386198 0.306019 0.027604 0.076852
1 0.568229 0.560185 0.026042 0.109259
1 0.428646 0.678704 0.046875 0.114815
1 0.238281 0.433796 0.027604 0.093519
1 0.355990 0.325926 0.024479 0.085185
1 0.407552 0.348148 0.026562 0.085185
1 0.390365 0.376852 0.022396 0.090741
1 0.524740 0.329167 0.015104 0.082407
1 0.490885 0.382407 0.021354 0.090741
1 0.701042 0.280556 0.022917 0.079630
2 0.132031 0.351852 0.026562 0.085185
0 0.676823 0.666204 0.009896 0.015741
