1 0.720313 0.617593 0.030208 0.105556
1 0.548698 0.374074 0.022396 0.085185
1 0.206250 0.436574 0.038542 0.100926
1 0.521615 0.758796 0.045312 0.139815
1 0.063542 0.488889 0.041667 0.103704
1 0.216667 0.299074 0.023958 0.072222
1 0.488281 0.458796 0.031771 0.104630
1 0.479948 0.387500 0.019271 0.087963
1 0.446875 0.319907 0.021875 0.080556
1 0.409896 0.301389 0.020833 0.073148
1 0.601823 0.567130 0.031771 0.112037
1 0.446875 0.686574 0.045833 0.125000
1 0.248698 0.438889 0.026562 0.098148
1 0.385156 0.319444 0.027604 0.077778
1 0.421875 0.339352 0.023958 0.075000
1 0.420573 0.379630 0.021354 0.088889
1 0.558594 0.321296 0.019271 0.077778
1 0.524219 0.380556 0.021354 0.085185
1 0.732031 0.273148 0.018229 0.075926
2 0.171615 0.353241 0.023438 0.082407
0 0.700000 0.668056 0.009375 0.015741
