1 0.231771 0.644444 0.037500 0.090741
1 0.347917 0.618056 0.067708 0.043519
1 0.430990 0.512963 0.024479 0.107407
1 0.465104 0.518981 0.041667 0.091667
1 0.433333 0.543519 0.028125 0.120370
2 0.397135 0.573148 0.032813 0.107407
1 0.495833 0.520833 0.021875 0.123148
1 0.836198 0.489815 0.025521 0.114815
1 0.448958 0.448611 0.019792 0.100926
1 0.646354 0.360648 0.016667 0.084259
2 0.723958 0.197685 0.009375 0.052778
0 0.441927 0.600000 0.008854 0.014815
1 0.785417 0.584259 0.044792 0.131481
1 0.583854 0.756944 0.038542 0.169444
1 0.928385 0.864815 0.041146 0.198148
1 0.373177 0.552315 0.020313 0.126852
1 0.261719 0.579630 0.024479 0.131481
