0 0.611979 0.469444 0.014583 0.012963
2 0.627865 0.546759 0.029687 0.100926
2 0.810417 0.367593 0.017708 0.070370
1 0.472656 0.497222 0.029687 0.098148
1 0.542188 0.475463 0.033333 0.095370
1 0.638281 0.424537 0.019271 0.076852
1 0.575000 0.432870 0.023958 0.084259
1 0.495573 0.566667 0.025521 0.118519
1 0.664323 0.508333 0.029687 0.083333
1 0.877083 0.427315 0.020833 0.080556
1 0.523698 0.520833 0.029687 0.086111
1 0.650781 0.495833 0.028646 0.091667
1 0.763281 0.442130 0.020313 0.089815
1 0.571615 0.424537 0.030729 0.076852
1 0.671354 0.594907 0.035417 0.119444
1 0.258333 0.518519 0.027083 0.100000
1 0.283594 0.476389 0.029687 0.073148
