1 0.733854 0.619907 0.039583 0.100926
1 0.585417 0.360648 0.018750 0.082407
1 0.219531 0.422685 0.031771 0.097222
1 0.521875 0.781019 0.054167 0.147222
1 0.072135 0.484722 0.029687 0.102778
1 0.265104 0.282870 0.026042 0.069444
1 0.515625 0.445370 0.034375 0.101852
1 0.520312 0.373611 0.021875 0.084259
1 0.486979 0.310185 0.021875 0.077778
1 0.451562 0.287500 0.020833 0.067593
1 0.635156 0.567130 0.028646 0.110185
1 0.459375 0.682407 0.050000 0.120370
1 0.269271 0.429167 0.034375 0.089815
1 0.420833 0.308333 0.021875 0.072222
1 0.446354 0.333796 0.019792 0.075000
1 0.464844 0.369444 0.024479 0.088889
1 0.593750 0.311111 0.017708 0.075926
1 0.566146 0.370833 0.019792 0.082407
1 0.774479 0.263426 0.019792 0.075000
2 0.225000 0.341667 0.029167 0.079630
0 0.619010 0.638426 0.010937 0.015741
1 0.011979 0.691667 0.023958 0.098148
