0 0.331771 0.479630 0.008333 0.009259
2 0.568750 0.575926 0.030208 0.112963
2 0.808073 0.379630 0.026562 0.057407
1 0.377604 0.502778 0.029167 0.096296
1 0.491927 0.472222 0.032813 0.088889
1 0.683854 0.435185 0.021875 0.075926
1 0.628906 0.455556 0.021354 0.090741
1 0.932813 0.436111 0.019792 0.087037
1 0.624740 0.639815 0.033854 0.127778
1 0.877344 0.492593 0.018229 0.098148
1 0.862500 0.456481 0.020833 0.081481
1 0.321094 0.525000 0.029687 0.098148
1 0.539844 0.471759 0.024479 0.084259
1 0.787760 0.433796 0.020313 0.076852
1 0.758073 0.427778 0.018229 0.074074
1 0.821615 0.604630 0.034896 0.120370
1 0.305208 0.520370 0.027083 0.088889
1 0.099479 0.467130 0.029167 0.065741
1 0.988802 0.475463 0.021354 0.091667
