1 0.484635 0.547222 0.020313 0.100000
1 0.434375 0.529630 0.017708 0.096296
1 0.300521 0.542593 0.018750 0.101852
1 0.494271 0.518519 0.016667 0.094444
2 0.528906 0.520833 0.021354 0.091667
1 0.337760 0.566204 0.024479 0.104630
1 0.822917 0.571296 0.021875 0.103704
1 0.846354 0.518519 0.018750 0.090741
1 0.379427 0.538889 0.021354 0.098148
2 0.846875 0.384259 0.013542 0.064815
1 0.465365 0.508796 0.010937 0.089815
1 0.524740 0.482407 0.009896 0.081481
1 0.534375 0.477315 0.010417 0.076852
1 0.536719 0.471759 0.007812 0.086111
1 0.543490 0.474074 0.010937 0.085185
1 0.611198 0.541204 0.015104 0.100926
1 0.398177 0.532407 0.018229 0.092593
1 0.337500 0.553241 0.026042 0.099074
1 0.361458 0.537963 0.019792 0.101852
1 0.319271 0.549074 0.017708 0.101852
1 0.134635 0.459722 0.022396 0.084259
0 0.809115 0.537963 0.006771 0.011111
