1 0.275521 0.853704 0.045833 0.177778
1 0.219271 0.451389 0.019792 0.075000
1 0.290104 0.498611 0.020833 0.093519
1 0.875260 0.437963 0.020313 0.068519
1 0.518750 0.566667 0.025000 0.111111
1 0.565365 0.587500 0.024479 0.113889
1 0.331250 0.483796 0.018750 0.084259
1 0.075000 0.539352 0.030208 0.110185
1 0.128906 0.478241 0.020313 0.086111
1 0.744271 0.453704 0.021875 0.079630
1 0.181250 0.450926 0.020833 0.068519
2 0.086979 0.420370 0.016667 0.072222
2 0.568490 0.527315 0.023438 0.102778
0 0.350521 0.274537 0.006250 0.012037
1 0.009375 0.633333 0.018750 0.127778
1 0.146354 0.793981 0.033333 0.158333
