1 0.735156 0.771759 0.036979 0.154630
1 0.144531 0.597685 0.036979 0.123148
1 0.511719 0.398611 0.018229 0.075000
1 0.585156 0.460185 0.022396 0.083333
1 0.953385 0.425926 0.015104 0.079630
1 0.736979 0.548611 0.018750 0.113889
1 0.830729 0.582407 0.022917 0.116667
1 0.586458 0.453704 0.015625 0.081481
1 0.248958 0.488889 0.019792 0.101852
1 0.338021 0.427778 0.015625 0.079630
1 0.878906 0.431019 0.018229 0.082407
1 0.387500 0.413426 0.012500 0.071296
2 0.327083 0.383333 0.012500 0.088889
2 0.753385 0.490278 0.027604 0.123148
1 0.207031 0.594444 0.033854 0.120370
1 0.617708 0.805556 0.046875 0.161111
