1 0.820573 0.764815 0.042188 0.157407
1 0.203125 0.590278 0.030208 0.123148
1 0.532031 0.394444 0.015104 0.077778
1 0.610677 0.460185 0.019271 0.088889
1 0.946094 0.427315 0.017188 0.082407
1 0.759635 0.569907 0.040104 0.123148
1 0.840365 0.590278 0.028646 0.123148
1 0.596615 0.455556 0.016146 0.087037
1 0.185417 0.485648 0.032292 0.104630
1 0.364844 0.416204 0.018229 0.078704
1 0.880469 0.431944 0.020313 0.086111
1 0.414323 0.404167 0.017188 0.073148
2 0.307812 0.382407 0.012500 0.072222
2 0.742708 0.482407 0.029167 0.122222
1 0.160417 0.612963 0.025000 0.127778
1 0.850260 0.877315 0.056771 0.184259
