1 0.781510 0.393519 0.030729 0.137037
1 0.234896 0.671296 0.038542 0.201852
1 0.559115 0.373611 0.026562 0.139815
1 0.582812 0.393056 0.028125 0.143519
1 0.276042 0.431019 0.028125 0.156481
1 0.487240 0.493519 0.053646 0.166667
1 0.710417 0.332407 0.036458 0.142593
1 0.414062 0.336574 0.031250 0.136111
1 0.152604 0.284722 0.029167 0.125000
1 0.539583 0.887037 0.056250 0.224074
1 0.287760 0.292593 0.029687 0.120370
2 0.030208 0.330093 0.055208 0.136111
1 0.815885 0.331481 0.030729 0.144444
1 0.616406 0.371296 0.024479 0.088889
