1 0.606771 0.463889 0.020833 0.070370
1 0.535937 0.743981 0.025000 0.112037
1 0.768229 0.613889 0.020833 0.094444
1 0.816146 0.403704 0.014583 0.055556
1 0.789583 0.523611 0.014583 0.084259
1 0.966927 0.531944 0.016146 0.080556
1 0.996875 0.479167 0.005208 0.067593
1 0.809896 0.636574 0.021875 0.100926
1 0.687240 0.638426 0.022396 0.093519
1 0.669271 0.456481 0.016667 0.062963
2 0.964844 0.460185 0.014063 0.066667
0 0.103906 0.476852 0.004687 0.007407
1 0.355729 0.762963 0.021875 0.118519
1 0.632812 0.376852 0.011458 0.046296
2 0.508594 0.308796 0.010937 0.034259
1 0.088281 0.450463 0.021354 0.065741
