1 0.982552 0.529167 0.033854 0.136111
1 0.802344 0.431481 0.025521 0.118519
1 0.703906 0.518981 0.051562 0.125000
1 0.656250 0.379167 0.021875 0.113889
1 0.567708 0.342130 0.033333 0.106481
1 0.542188 0.376852 0.037500 0.114815
1 0.524740 0.299537 0.036979 0.037963
1 0.484115 0.350463 0.023438 0.106481
1 0.452865 0.324537 0.025521 0.110185
1 0.432292 0.387963 0.036458 0.100000
1 0.384896 0.312963 0.025000 0.098148
1 0.329427 0.596759 0.055729 0.147222
1 0.282031 0.561574 0.052604 0.141667
1 0.277604 0.370370 0.036458 0.083333
1 0.313542 0.387500 0.053125 0.037963
1 0.061198 0.407407 0.038021 0.111111
2 0.230208 0.313426 0.026042 0.086111
1 0.838802 0.308796 0.026562 0.108333
0 0.473698 0.412037 0.009896 0.014815
