1 0.508073 0.538889 0.021354 0.127778
1 0.507552 0.506944 0.025521 0.115741
1 0.043229 0.479630 0.025000 0.100000
1 0.218490 0.605093 0.032813 0.130556
1 0.580469 0.512037 0.033854 0.124074
1 0.746354 0.424537 0.014583 0.089815
1 0.592969 0.512037 0.033854 0.118519
1 0.364063 0.535185 0.025000 0.120370
1 0.273698 0.275463 0.016146 0.075000
2 0.141927 0.438426 0.023438 0.106481
1 0.790625 0.455093 0.040625 0.110185
1 0.738021 0.487037 0.029167 0.120370
1 0.652604 0.450000 0.022917 0.109259
1 0.618750 0.504630 0.028125 0.114815
1 0.755208 0.460185 0.019792 0.096296
1 0.728125 0.472222 0.019792 0.114815
1 0.676042 0.430093 0.017708 0.097222
1 0.688802 0.469444 0.027604 0.109259
1 0.715625 0.437500 0.022917 0.106481
1 0.392708 0.497222 0.018750 0.103704
1 0.603646 0.508333 0.017708 0.116667
0 0.248958 0.318981 0.005208 0.010185
