2 0.353646 0.643519 0.030208 0.094444
1 0.989323 0.363426 0.020313 0.054630
1 0.551562 0.338426 0.014583 0.049074
1 0.550260 0.520833 0.020313 0.082407
1 0.555469 0.727315 0.028646 0.102778
1 0.069792 0.407870 0.038542 0.065741
1 0.213542 0.681944 0.035417 0.097222
1 0.487500 0.625000 0.029167 0.103704
1 0.181771 0.521759 0.032292 0.078704
1 0.144531 0.777778 0.026562 0.101852
1 0.297656 0.517130 0.032813 0.071296
1 0.648438 0.518519 0.022917 0.074074
1 0.830208 0.419907 0.027083 0.063889
1 0.983073 0.595370 0.032813 0.092593
1 0.564583 0.593056 0.023958 0.084259
