1 0.275781 0.551389 0.021354 0.093519
1 0.571094 0.458796 0.016146 0.069444
1 0.479687 0.535648 0.029167 0.095370
1 0.652083 0.515741 0.028125 0.087037
1 0.687500 0.439352 0.019792 0.076852
1 0.431250 0.560648 0.032292 0.091667
1 0.560417 0.474537 0.020833 0.073148
1 0.601562 0.441667 0.017708 0.075926
1 0.694010 0.487500 0.016146 0.086111
1 0.870573 0.441667 0.026562 0.068519
2 0.868490 0.387500 0.014063 0.069444
2 0.813542 0.561111 0.025000 0.112963
0 0.566927 0.509722 0.005729 0.010185
1 0.459115 0.468981 0.016146 0.084259
1 0.344010 0.527778 0.022396 0.092593
1 0.356771 0.487037 0.014583 0.085185
