0 0.241406 0.615278 0.008854 0.013889
2 0.840365 0.326389 0.021354 0.071296
2 0.622917 0.166204 0.008333 0.034259
1 0.235417 0.298148 0.016667 0.066667
1 0.460938 0.234722 0.013542 0.056481
1 0.621354 0.207407 0.008333 0.040741
1 0.531250 0.299537 0.013542 0.073148
1 0.838802 0.221759 0.014063 0.045370
1 0.607292 0.715741 0.039583 0.150000
1 0.758333 0.260185 0.014583 0.051852
1 0.963021 0.277315 0.017708 0.056481
1 0.279687 0.368981 0.014583 0.078704
1 0.509375 0.267593 0.011458 0.055556
1 0.679948 0.247685 0.011979 0.050926
1 0.796094 0.423148 0.025521 0.088889
1 0.513542 0.559259 0.035417 0.114815
1 0.954427 0.550463 0.036979 0.117593
1 0.205990 0.575463 0.032813 0.113889
1 0.180729 0.247222 0.013542 0.055556
1 0.767708 0.707870 0.036458 0.141667
