1 0.023438 0.448611 0.019792 0.078704
1 0.560937 0.456019 0.015625 0.071296
1 0.146875 0.418056 0.020833 0.075000
1 0.229427 0.468981 0.024479 0.076852
1 0.250781 0.522222 0.020313 0.090741
1 0.003385 0.551389 0.006771 0.089815
1 0.199219 0.428704 0.020313 0.064815
1 0.294792 0.411574 0.013542 0.069444
1 0.311458 0.464352 0.017708 0.082407
1 0.235677 0.423148 0.014063 0.074074
1 0.197135 0.418056 0.014063 0.071296
1 0.538542 0.457407 0.025000 0.070370
1 0.265104 0.423148 0.014583 0.074074
1 0.208594 0.418519 0.016146 0.070370
1 0.305208 0.436111 0.012500 0.072222
1 0.320312 0.436574 0.012500 0.069444
1 0.128646 0.489815 0.019792 0.075926
1 0.442448 0.479167 0.023438 0.076852
