1 0.163802 0.385648 0.017188 0.073148
2 0.212760 0.384722 0.023438 0.091667
1 0.280208 0.419907 0.018750 0.093519
1 0.247396 0.264815 0.012500 0.062963
1 0.405208 0.406019 0.018750 0.093519
1 0.401562 0.295833 0.012500 0.073148
1 0.521875 0.340741 0.029167 0.087037
1 0.647656 0.251389 0.013021 0.060185
1 0.799740 0.762037 0.036979 0.107407
1 0.826562 0.487037 0.020833 0.107407
1 0.788802 0.488426 0.022396 0.110185
1 0.623437 0.420833 0.020833 0.095370
1 0.699479 0.451389 0.027083 0.104630
1 0.715885 0.400463 0.019271 0.093519
1 0.067708 0.256019 0.012500 0.043519
0 0.788021 0.790278 0.008333 0.019444
1 0.123698 0.512037 0.032813 0.112963
