1 0.514583 0.486574 0.023958 0.065741
1 0.465365 0.487963 0.022396 0.059259
1 0.466667 0.461574 0.018750 0.065741
1 0.197656 0.545833 0.011979 0.089815
1 0.009115 0.492593 0.013021 0.085185
1 0.250781 0.465278 0.027604 0.049074
1 0.316406 0.475926 0.018229 0.081481
1 0.356250 0.462963 0.013542 0.072222
1 0.398698 0.461111 0.022396 0.072222
1 0.355208 0.444907 0.021875 0.065741
1 0.072917 0.578704 0.037500 0.096296
1 0.262760 0.463426 0.016146 0.069444
1 0.252083 0.464815 0.013542 0.074074
1 0.430729 0.469907 0.016667 0.080556
1 0.441667 0.484259 0.018750 0.074074
1 0.520833 0.476389 0.018750 0.065741
1 0.442448 0.461574 0.014063 0.065741
1 0.464323 0.473148 0.017188 0.059259
2 0.111979 0.428241 0.017708 0.073148
0 0.590625 0.372222 0.008333 0.011111
