1 0.214844 0.603241 0.026562 0.145370
1 0.282031 0.621296 0.051562 0.027778
1 0.338281 0.537500 0.027604 0.136111
1 0.710417 0.738889 0.034375 0.162963
1 0.451302 0.533796 0.016146 0.125000
2 0.468750 0.513426 0.026042 0.121296
1 0.428906 0.543056 0.023438 0.128704
1 0.872917 0.448148 0.021875 0.107407
1 0.591406 0.352315 0.018229 0.091667
1 0.841667 0.293056 0.017708 0.073148
2 0.713542 0.181019 0.009375 0.052778
1 0.416927 0.937500 0.044271 0.123148
1 0.412760 0.514815 0.017188 0.131481
1 0.538281 0.556019 0.030729 0.130556
0 0.320312 0.618519 0.036458 0.075926
0 0.352344 0.609259 0.039062 0.070370
0 0.649740 0.733796 0.038021 0.147222
0 0.741667 0.806481 0.041667 0.155556
