1 0.715885 0.777315 0.021354 0.121296
2 0.655469 0.803241 0.024479 0.128704
1 0.746875 0.522222 0.026042 0.090741
1 0.750521 0.530556 0.012500 0.094444
1 0.811458 0.438889 0.019792 0.098148
1 0.740104 0.437500 0.018750 0.086111
1 0.763542 0.439815 0.017708 0.092593
1 0.736719 0.431019 0.018229 0.087963
1 0.664062 0.473611 0.019792 0.099074
1 0.627865 0.502315 0.022396 0.093519
1 0.592969 0.521759 0.023438 0.093519
1 0.532031 0.598148 0.019271 0.103704
1 0.519271 0.596296 0.013542 0.114815
1 0.505729 0.604167 0.014583 0.110185
1 0.650521 0.468056 0.017708 0.095370
1 0.601042 0.505556 0.019792 0.092593
1 0.482552 0.611574 0.014063 0.106481
1 0.490625 0.619444 0.020833 0.109259
1 0.272396 0.410185 0.027083 0.087037
0 0.730208 0.757407 0.006250 0.012963
