1 0.716146 0.485648 0.021875 0.121296
1 0.535677 0.441667 0.026562 0.107407
1 0.200000 0.386574 0.023958 0.097222
1 0.149740 0.622222 0.030729 0.138889
1 0.555729 0.420370 0.022917 0.116667
1 0.539062 0.418519 0.019792 0.101852
1 0.808594 0.477315 0.028646 0.113889
1 0.209375 0.515741 0.042708 0.118519
1 0.174479 0.300926 0.022917 0.085185
2 0.089844 0.441204 0.029687 0.112037
1 0.865885 0.421296 0.024479 0.100000
1 0.709896 0.468981 0.027083 0.113889
1 0.573438 0.409259 0.013542 0.088889
1 0.588802 0.417593 0.020313 0.107407
1 0.851042 0.501389 0.030208 0.106481
1 0.574219 0.464815 0.021354 0.111111
1 0.400260 0.384259 0.025521 0.088889
1 0.678385 0.455556 0.026562 0.109259
1 0.575000 0.442130 0.021875 0.108333
1 0.275781 0.410648 0.025521 0.086111
1 0.575000 0.527778 0.029167 0.124074
0 0.538802 0.248148 0.010937 0.012963
