1 0.459896 0.160648 0.017708 0.075000
1 0.250781 0.790278 0.053646 0.128704
1 0.653906 0.576389 0.033854 0.154630
1 0.890625 0.401852 0.031250 0.125926
1 0.281510 0.393981 0.030729 0.130556
1 0.482292 0.350463 0.032292 0.110185
1 0.503906 0.552315 0.034896 0.141667
1 0.813281 0.401389 0.025521 0.115741
1 0.221875 0.423611 0.027083 0.123148
1 0.457552 0.465741 0.049479 0.135185
1 0.753125 0.210648 0.019792 0.082407
1 0.583073 0.262037 0.025521 0.098148
1 0.920833 0.304167 0.023958 0.110185
1 0.443229 0.329167 0.028125 0.110185
2 0.632292 0.394444 0.021875 0.122222
1 0.779427 0.626389 0.054688 0.169444
