1 0.723437 0.466667 0.035417 0.122222
1 0.592187 0.424074 0.031250 0.107407
1 0.041406 0.390741 0.045312 0.100000
1 0.139844 0.618981 0.038021 0.147222
1 0.586719 0.400000 0.022396 0.118519
1 0.593229 0.384722 0.019792 0.093519
1 0.875260 0.450463 0.031771 0.108333
1 0.335417 0.510185 0.036458 0.118519
1 0.264062 0.270833 0.021875 0.082407
2 0.157812 0.409259 0.032292 0.107407
1 0.903906 0.418519 0.030729 0.116667
1 0.780990 0.453704 0.033854 0.124074
1 0.619792 0.413426 0.034375 0.112037
1 0.679167 0.402315 0.028125 0.099074
1 0.978125 0.484722 0.029167 0.115741
1 0.622396 0.499074 0.032292 0.072222
1 0.511979 0.387963 0.033333 0.092593
1 0.753646 0.440741 0.030208 0.112963
1 0.658594 0.425926 0.023438 0.111111
1 0.348438 0.440278 0.028125 0.089815
1 0.700000 0.504167 0.026042 0.123148
0 0.292187 0.437037 0.011458 0.014815
