1 0.694792 0.307407 0.032292 0.107407
1 0.620313 0.588889 0.056250 0.131481
1 0.927083 0.242130 0.028125 0.110185
1 0.823177 0.173148 0.020313 0.092593
1 0.539844 0.373148 0.033854 0.129630
1 0.959896 0.054630 0.016667 0.074074
1 0.663542 0.421296 0.036458 0.153704
1 0.715365 0.162037 0.025521 0.100000
1 0.318750 0.212963 0.023958 0.105556
1 0.293750 0.112963 0.018750 0.085185
1 0.675521 0.566667 0.040625 0.125926
1 0.014583 0.308333 0.029167 0.125926
1 0.353385 0.151389 0.022396 0.087963
1 0.775521 0.120833 0.023958 0.080556
1 0.140104 0.285648 0.037500 0.115741
2 0.267448 0.257407 0.027604 0.109259
0 0.739062 0.592593 0.014583 0.020370
