1 0.084375 0.438426 0.014583 0.065741
1 0.230990 0.477315 0.023438 0.069444
1 0.098437 0.438889 0.012500 0.072222
1 0.095573 0.467130 0.014063 0.071296
1 0.137500 0.471759 0.016667 0.073148
1 0.046094 0.503704 0.017188 0.077778
1 0.584635 0.490278 0.021354 0.071296
1 0.298698 0.414815 0.013021 0.061111
1 0.213542 0.431944 0.014583 0.065741
1 0.260417 0.430093 0.013542 0.063889
1 0.120052 0.435648 0.014063 0.065741
1 0.247656 0.418981 0.014063 0.056481
1 0.235937 0.423611 0.011458 0.063889
1 0.346875 0.443056 0.018750 0.060185
1 0.247917 0.431944 0.013542 0.065741
1 0.302083 0.425926 0.012500 0.064815
1 0.131510 0.487963 0.020313 0.068519
1 0.203385 0.447222 0.015104 0.066667
2 0.974219 0.569907 0.016146 0.087963
0 0.701562 0.502315 0.005208 0.008333
