1 0.206510 0.750000 0.061979 0.170370
1 0.069531 0.535185 0.032813 0.137037
1 0.518750 0.569907 0.045833 0.132407
1 0.331771 0.594444 0.036458 0.114815
1 0.225781 0.401852 0.027604 0.101852
1 0.888021 0.256019 0.017708 0.078704
1 0.857292 0.215278 0.019792 0.067593
2 0.689323 0.332870 0.021354 0.095370
1 0.703125 0.306944 0.016667 0.091667
1 0.577083 0.523148 0.065625 0.120370
1 0.220052 0.243981 0.017188 0.076852
1 0.501042 0.153241 0.014583 0.056481
2 0.347917 0.072222 0.008333 0.038889
0 0.546354 0.637963 0.009375 0.014815
1 0.955990 0.582870 0.039062 0.145370
1 0.984115 0.275000 0.024479 0.087037
1 0.993229 0.553704 0.012500 0.061111
