0 0.838542 0.433796 0.008333 0.010185
2 0.326562 0.534259 0.028125 0.125926
2 0.541667 0.346296 0.015625 0.072222
1 0.236979 0.439815 0.022917 0.105556
1 0.532813 0.365278 0.012500 0.073148
1 0.424479 0.391204 0.025000 0.084259
1 0.527604 0.375000 0.019792 0.077778
1 0.110937 0.655556 0.036458 0.151852
1 0.464323 0.544444 0.026562 0.116667
1 0.750260 0.430093 0.027604 0.080556
1 0.457031 0.392593 0.023438 0.074074
1 0.576562 0.358796 0.019792 0.076852
1 0.563542 0.370370 0.015625 0.077778
1 0.898177 0.408333 0.024479 0.088889
1 0.719792 0.516667 0.034375 0.111111
1 0.705729 0.599537 0.037500 0.141667
1 0.984375 0.533333 0.023958 0.127778
