0 0.709635 0.379630 0.010937 0.011111
2 0.019531 0.544444 0.039062 0.122222
2 0.177083 0.334722 0.021875 0.069444
1 0.050000 0.411574 0.023958 0.084259
1 0.303906 0.377315 0.022396 0.078704
1 0.056250 0.481481 0.030208 0.096296
1 0.182552 0.405556 0.021354 0.077778
1 0.480469 0.422222 0.027604 0.083333
1 0.091927 0.419907 0.026562 0.095370
1 0.416146 0.483333 0.032292 0.094444
1 0.096094 0.570833 0.034896 0.119444
1 0.698177 0.449074 0.024479 0.088889
1 0.752865 0.711574 0.036979 0.150926
1 0.725000 0.454167 0.030208 0.091667
