1 0.782292 0.404630 0.034375 0.140741
1 0.226302 0.665278 0.040104 0.197222
1 0.562760 0.381019 0.026562 0.137963
1 0.579688 0.406944 0.031250 0.145370
1 0.273177 0.438426 0.032813 0.154630
1 0.466667 0.498611 0.037500 0.173148
1 0.716146 0.343981 0.027083 0.145370
1 0.410677 0.340278 0.033854 0.137963
1 0.155729 0.293981 0.028125 0.128704
1 0.512760 0.896759 0.047396 0.204630
1 0.282552 0.300000 0.026562 0.122222
2 0.028646 0.340278 0.057292 0.137963
1 0.811719 0.340741 0.031771 0.142593
1 0.619271 0.376389 0.027083 0.089815
