0 0.591667 0.334259 0.014583 0.035185
1 0.735417 0.633333 0.046875 0.144444
1 0.495573 0.537037 0.032813 0.125926
1 0.556771 0.661574 0.035417 0.137963
1 0.186979 0.332407 0.023958 0.105556
1 0.239844 0.320370 0.020313 0.092593
1 0.270833 0.280093 0.030208 0.087963
1 0.541667 0.305556 0.027083 0.092593
1 0.520312 0.656944 0.065625 0.162037
1 0.305469 0.394907 0.026562 0.100926
1 0.004948 0.393981 0.009896 0.102778
1 0.028906 0.429167 0.028646 0.115741
1 0.591146 0.395833 0.029167 0.097222
1 0.230729 0.312037 0.020833 0.096296
1 0.307031 0.307870 0.020313 0.093519
1 0.359115 0.289352 0.018229 0.089815
1 0.163802 0.322222 0.026562 0.096296
2 0.555208 0.380093 0.026042 0.104630
1 0.633594 0.311574 0.027604 0.089815
1 0.260677 0.456019 0.025521 0.117593
1 0.465625 0.525000 0.043750 0.131481
2 0.619531 0.168519 0.016146 0.059259
