1 0.219271 0.612037 0.026042 0.135185
1 0.287500 0.625463 0.051042 0.030556
1 0.351302 0.535648 0.030729 0.136111
1 0.685417 0.726852 0.035417 0.168519
1 0.456510 0.538426 0.016146 0.125000
2 0.472396 0.517130 0.023958 0.121296
1 0.437240 0.543056 0.023438 0.128704
1 0.877604 0.456944 0.019792 0.115741
1 0.598698 0.362037 0.018229 0.092593
1 0.843750 0.298611 0.016667 0.075000
2 0.719792 0.184722 0.009375 0.052778
0 0.429167 0.566204 0.006250 0.010185
1 0.417708 0.939352 0.032292 0.119444
1 0.417969 0.520370 0.016146 0.129630
1 0.535417 0.564352 0.030208 0.130556
0 0.326823 0.624074 0.036979 0.075926
0 0.358333 0.614352 0.040625 0.067593
0 0.639583 0.724537 0.041667 0.145370
0 0.769531 0.833796 0.046354 0.163889
