1 0.347656 0.310185 0.020313 0.083333
1 0.603385 0.645370 0.044271 0.135185
1 0.771615 0.738426 0.036979 0.171296
1 0.295052 0.525463 0.036979 0.132407
1 0.654948 0.427315 0.022396 0.102778
1 0.836458 0.466667 0.027083 0.114815
1 0.643490 0.552315 0.031771 0.121296
1 0.268750 0.477315 0.032292 0.106481
1 0.475521 0.619907 0.032292 0.139815
1 0.844271 0.373611 0.025000 0.095370
1 0.573958 0.393056 0.025000 0.102778
1 0.928385 0.428241 0.027604 0.112037
1 0.358073 0.418981 0.025521 0.100926
2 0.715365 0.479167 0.028646 0.112037
