1 0.483073 0.550926 0.020313 0.100000
1 0.434896 0.530556 0.018750 0.096296
1 0.300000 0.542593 0.018750 0.101852
1 0.498698 0.516667 0.018229 0.094444
2 0.529427 0.520370 0.021354 0.090741
1 0.342448 0.567130 0.024479 0.104630
1 0.823438 0.571296 0.021875 0.103704
1 0.846615 0.516667 0.019271 0.090741
1 0.378385 0.537037 0.021354 0.098148
2 0.847656 0.381481 0.014063 0.066667
1 0.465885 0.507870 0.011979 0.089815
1 0.524479 0.482407 0.009375 0.083333
1 0.534115 0.476389 0.010937 0.076852
1 0.536719 0.472685 0.007812 0.086111
1 0.543229 0.474074 0.010417 0.085185
1 0.610156 0.540278 0.016146 0.099074
1 0.399479 0.532407 0.020833 0.092593
1 0.344010 0.550463 0.022396 0.097222
1 0.361458 0.538889 0.017708 0.101852
1 0.320833 0.550000 0.020833 0.101852
1 0.142187 0.458796 0.017708 0.086111
0 0.809635 0.536574 0.006771 0.010185
