1 0.577865 0.456481 0.016146 0.072222
1 0.527083 0.731944 0.019792 0.110185
1 0.761719 0.598148 0.017188 0.090741
1 0.784115 0.389815 0.014063 0.057407
1 0.788021 0.493519 0.015625 0.074074
1 0.951302 0.514352 0.016146 0.080556
1 0.977083 0.467593 0.022917 0.070370
1 0.799740 0.621759 0.022396 0.100926
1 0.701562 0.606481 0.020833 0.092593
1 0.974219 0.423611 0.019271 0.063889
1 0.590885 0.437037 0.023438 0.061111
1 0.957812 0.563426 0.021875 0.089815
2 0.949740 0.449074 0.015104 0.064815
0 0.089063 0.474537 0.004167 0.006481
1 0.340625 0.780556 0.026042 0.118519
1 0.609115 0.355556 0.008854 0.042593
2 0.475000 0.300926 0.009375 0.037037
1 0.079427 0.445833 0.019271 0.067593
