1 0.823177 0.806944 0.029687 0.152778
2 0.811458 0.872685 0.038542 0.143519
1 0.857812 0.581481 0.021875 0.112963
1 0.833333 0.586574 0.022917 0.112037
1 0.791146 0.428241 0.027083 0.091667
1 0.664844 0.463426 0.033854 0.091667
1 0.733854 0.430556 0.027083 0.101852
1 0.706510 0.470370 0.026562 0.105556
1 0.712760 0.518519 0.026562 0.116667
1 0.534896 0.534259 0.025000 0.100000
1 0.518490 0.562037 0.028646 0.100000
1 0.641667 0.655556 0.028125 0.116667
1 0.625781 0.635185 0.015104 0.098148
1 0.612760 0.675000 0.031771 0.129630
1 0.647656 0.485648 0.027604 0.106481
1 0.551823 0.549074 0.031771 0.103704
1 0.456510 0.659259 0.033854 0.114815
1 0.492969 0.702778 0.031771 0.127778
1 0.276042 0.435185 0.030208 0.101852
0 0.329427 0.233333 0.013021 0.018519
