1 0.231771 0.644444 0.037500 0.090741
1 0.347135 0.618519 0.068229 0.042593
1 0.430469 0.512037 0.024479 0.107407
1 0.464844 0.518519 0.041146 0.092593
1 0.433854 0.543519 0.028125 0.120370
2 0.396875 0.572222 0.032292 0.109259
1 0.495573 0.519907 0.021354 0.123148
1 0.836458 0.489815 0.026042 0.114815
1 0.450521 0.446759 0.019792 0.099074
1 0.648177 0.360648 0.018229 0.084259
2 0.724479 0.197685 0.009375 0.052778
0 0.441406 0.599074 0.008854 0.014815
1 0.788021 0.584259 0.040625 0.131481
1 0.582552 0.757407 0.036979 0.168519
1 0.931250 0.864815 0.045833 0.198148
1 0.372917 0.551389 0.019792 0.126852
1 0.262760 0.580556 0.026562 0.131481
