1 0.444792 0.183796 0.012500 0.067593
1 0.858854 0.851389 0.085417 0.189815
1 0.607292 0.576389 0.034375 0.141667
1 0.925781 0.491204 0.027604 0.126852
1 0.253385 0.537500 0.030729 0.150926
1 0.568490 0.348611 0.020313 0.095370
1 0.545312 0.618519 0.029167 0.151852
1 0.655469 0.478241 0.038021 0.123148
1 0.199479 0.544444 0.027083 0.140741
1 0.429427 0.509722 0.032813 0.128704
1 0.754687 0.233333 0.016667 0.074074
1 0.629948 0.275926 0.023438 0.090741
1 0.851302 0.343056 0.025521 0.104630
1 0.453385 0.324074 0.019271 0.094444
2 0.707552 0.402778 0.033854 0.111111
1 0.569010 0.655093 0.039062 0.162037
