1 0.771615 0.438889 0.033854 0.142593
1 0.203385 0.662500 0.041146 0.193519
1 0.581771 0.415741 0.029167 0.142593
1 0.564063 0.435648 0.028125 0.145370
1 0.257292 0.466667 0.037500 0.153704
1 0.393229 0.522685 0.038542 0.173148
1 0.713021 0.376389 0.032292 0.149074
1 0.387760 0.371759 0.032813 0.139815
1 0.166146 0.326389 0.028125 0.128704
1 0.429688 0.920833 0.057292 0.156481
1 0.267448 0.326852 0.024479 0.124074
2 0.025260 0.373148 0.050521 0.138889
1 0.795312 0.372685 0.037500 0.149074
1 0.636458 0.381019 0.025000 0.130556
