1 0.372656 0.416667 0.010937 0.053704
1 0.347917 0.418519 0.011458 0.057407
1 0.317969 0.408796 0.008854 0.062037
1 0.154688 0.480093 0.012500 0.069444
1 0.014323 0.436574 0.014063 0.060185
1 0.177344 0.410648 0.013021 0.058333
1 0.222656 0.427315 0.014063 0.062037
1 0.247396 0.413889 0.011458 0.059259
1 0.259635 0.405093 0.013021 0.060185
1 0.236198 0.401389 0.011979 0.056481
1 0.884896 0.556481 0.019792 0.079630
1 0.006510 0.516204 0.013021 0.078704
1 0.061979 0.416667 0.011458 0.062963
1 0.114583 0.425926 0.015625 0.062963
1 0.322396 0.414815 0.011458 0.059259
1 0.344010 0.421296 0.010937 0.061111
1 0.358854 0.416204 0.015625 0.058333
1 0.338542 0.405093 0.010417 0.052778
1 0.335938 0.398148 0.011458 0.057407
2 0.086979 0.399537 0.012500 0.058333
2 0.940104 0.540278 0.012500 0.078704
0 0.891927 0.567593 0.005729 0.011111
