1 0.135677 0.411111 0.018229 0.087037
2 0.152604 0.442593 0.021875 0.094444
1 0.173177 0.469907 0.021354 0.091667
1 0.198437 0.307870 0.014583 0.060185
1 0.348438 0.444444 0.013542 0.088889
1 0.363802 0.341667 0.013021 0.070370
1 0.473177 0.377778 0.027604 0.081481
1 0.582552 0.287500 0.011979 0.054630
1 0.736719 0.743981 0.023438 0.150926
2 0.979427 0.585185 0.027604 0.118519
1 0.768750 0.533796 0.020833 0.100926
1 0.740625 0.549074 0.013542 0.112963
1 0.692708 0.494444 0.020833 0.098148
1 0.701562 0.511574 0.019792 0.106481
1 0.644792 0.433796 0.021875 0.086111
1 0.033073 0.293519 0.013021 0.061111
0 0.724740 0.793519 0.009896 0.018519
