0 0.444531 0.383333 0.010937 0.016667
1 0.467708 0.386111 0.027083 0.077778
1 0.858594 0.583796 0.024479 0.123148
1 0.187240 0.755556 0.063021 0.144444
1 0.625521 0.412963 0.044792 0.087037
1 0.748437 0.410648 0.028125 0.076852
1 0.696615 0.401852 0.032813 0.079630
1 0.778646 0.386111 0.025000 0.077778
1 0.300000 0.635648 0.037500 0.139815
1 0.670833 0.442593 0.031250 0.068519
1 0.625000 0.428241 0.036458 0.076852
1 0.572135 0.430556 0.025521 0.083333
1 0.686719 0.430556 0.026562 0.088889
1 0.670833 0.389815 0.029167 0.053704
1 0.762500 0.394444 0.026042 0.077778
1 0.759115 0.387037 0.021354 0.088889
1 0.641927 0.414815 0.028646 0.077778
2 0.789323 0.478704 0.022396 0.103704
1 0.817708 0.370370 0.025000 0.083333
1 0.694271 0.456019 0.037500 0.091667
1 0.943229 0.516667 0.028125 0.114815
