1 0.375781 0.424074 0.017188 0.081481
1 0.565365 0.440278 0.017188 0.091667
1 0.373958 0.585648 0.037500 0.125000
2 0.350260 0.492593 0.026562 0.100000
1 0.930990 0.549074 0.020313 0.118519
1 0.444271 0.473611 0.018750 0.075000
1 0.839844 0.500926 0.028646 0.109259
1 0.557552 0.463426 0.020313 0.073148
1 0.558333 0.398611 0.013542 0.076852
1 0.585417 0.558796 0.026042 0.117593
1 0.292187 0.576389 0.025000 0.132407
1 0.273698 0.475463 0.020313 0.087963
1 0.134896 0.443519 0.021875 0.075926
0 0.454948 0.498611 0.006771 0.012037
1 0.951302 0.677315 0.040104 0.137963
1 0.620833 0.420833 0.029167 0.082407
