1 0.230990 0.644444 0.035937 0.092593
1 0.335938 0.626389 0.068750 0.032407
1 0.429688 0.505556 0.019792 0.122222
1 0.489583 0.509722 0.032292 0.110185
1 0.451823 0.540741 0.029687 0.122222
2 0.441927 0.526389 0.020313 0.117593
1 0.454427 0.533796 0.022396 0.121296
1 0.867448 0.485185 0.017188 0.116667
1 0.506771 0.418981 0.020833 0.097222
1 0.736979 0.342593 0.021875 0.077778
2 0.735156 0.198148 0.008854 0.053704
0 0.437760 0.598611 0.007812 0.013889
1 0.982292 0.602778 0.034375 0.137037
1 0.462500 0.874537 0.039583 0.195370
1 0.420052 0.544907 0.036979 0.128704
1 0.374219 0.598148 0.020313 0.135185
0 0.303906 0.700926 0.038021 0.155556
0 0.341146 0.652315 0.037500 0.139815
