1 0.627604 0.454167 0.019792 0.084259
1 0.129427 0.412500 0.030729 0.091667
1 0.238021 0.474074 0.027083 0.090741
1 0.256510 0.549074 0.027604 0.111111
1 0.121875 0.421759 0.026042 0.084259
1 0.286198 0.402778 0.017188 0.083333
1 0.315885 0.468981 0.022396 0.095370
1 0.216667 0.415741 0.015625 0.087037
1 0.181250 0.412037 0.022917 0.087037
1 0.616927 0.461574 0.028646 0.082407
1 0.261198 0.418519 0.015104 0.088889
1 0.159375 0.403241 0.018750 0.080556
1 0.313542 0.425926 0.013542 0.070370
1 0.315365 0.437037 0.020313 0.085185
1 0.080208 0.486111 0.022917 0.087037
1 0.420833 0.501389 0.027083 0.091667
