1 0.106510 0.829167 0.065104 0.193519
1 0.192448 0.805093 0.048438 0.182407
1 0.335938 0.360648 0.021875 0.084259
1 0.299740 0.296296 0.024479 0.070370
2 0.029687 0.525000 0.043750 0.116667
1 0.052865 0.490278 0.027604 0.113889
1 0.399219 0.636574 0.036979 0.134259
0 0.377344 0.252315 0.013021 0.021296
1 0.426563 0.562963 0.039583 0.120370
1 0.405729 0.326852 0.019792 0.077778
1 0.446875 0.493519 0.034375 0.096296
1 0.653646 0.467593 0.027083 0.105556
1 0.535156 0.442130 0.031771 0.102778
1 0.743750 0.613889 0.029167 0.142593
1 0.636198 0.484722 0.022396 0.115741
1 0.831510 0.253241 0.014063 0.065741
