1 0.871615 0.800926 0.046354 0.157407
1 0.927865 0.611574 0.030729 0.136111
1 0.052604 0.696759 0.039583 0.139815
1 0.025260 0.544444 0.022396 0.114815
1 0.333594 0.564815 0.029687 0.112963
1 0.492448 0.538889 0.026562 0.101852
1 0.595052 0.369444 0.019271 0.062963
1 0.680729 0.373611 0.020833 0.054630
1 0.418229 0.691667 0.028125 0.146296
1 0.539062 0.513889 0.021875 0.100000
1 0.221354 0.459259 0.017708 0.098148
1 0.396615 0.396296 0.019271 0.062963
1 0.550000 0.385185 0.016667 0.070370
1 0.644531 0.373611 0.015104 0.052778
2 0.545833 0.335185 0.013542 0.061111
2 0.509375 0.500463 0.021875 0.102778
0 0.672917 0.399537 0.005208 0.008333
