0 0.760156 0.308333 0.006771 0.011111
2 0.290365 0.545833 0.035937 0.119444
2 0.492188 0.362500 0.017708 0.058333
1 0.211458 0.495370 0.034375 0.096296
1 0.276562 0.468981 0.027083 0.099074
1 0.343750 0.428241 0.027083 0.075000
1 0.138021 0.437963 0.032292 0.088889
1 0.638542 0.401389 0.021875 0.073148
1 0.180469 0.558796 0.028646 0.099074
1 0.323698 0.488426 0.029687 0.091667
1 0.519010 0.422222 0.023438 0.075926
1 0.197656 0.504630 0.029687 0.088889
1 0.214844 0.471296 0.022396 0.083333
1 0.729167 0.435648 0.032292 0.076852
1 0.414062 0.439815 0.030208 0.087037
1 0.265104 0.418981 0.028125 0.076852
1 0.670573 0.528241 0.050521 0.091667
1 0.333594 0.576852 0.041146 0.109259
1 0.980990 0.487500 0.028646 0.093519
