1 0.560417 0.441204 0.014583 0.073148
1 0.555469 0.731019 0.027604 0.112037
1 0.773438 0.580556 0.015625 0.092593
1 0.770833 0.372222 0.010417 0.053704
1 0.809115 0.466667 0.016146 0.074074
1 0.936979 0.492593 0.022917 0.075926
1 0.980208 0.404630 0.016667 0.061111
1 0.811198 0.595370 0.020313 0.098148
1 0.740365 0.568981 0.017188 0.097222
1 0.966927 0.397685 0.011979 0.056481
1 0.509375 0.414352 0.022917 0.060185
1 0.888281 0.561574 0.024479 0.089815
2 0.965625 0.437037 0.018750 0.070370
0 0.097135 0.469444 0.004687 0.007407
1 0.397135 0.791204 0.039062 0.117593
1 0.614844 0.330556 0.010937 0.042593
2 0.466667 0.289352 0.008333 0.037963
1 0.083854 0.439352 0.016667 0.067593
