0 0.734635 0.628704 0.013021 0.022222
1 0.337760 0.421759 0.030729 0.102778
1 0.907031 0.704630 0.048438 0.153704
1 0.361458 0.895833 0.064583 0.202778
1 0.439583 0.461574 0.032292 0.113889
1 0.594792 0.458333 0.029167 0.105556
1 0.523698 0.428241 0.030729 0.100926
1 0.737240 0.419444 0.035937 0.092593
1 0.275781 0.750000 0.056771 0.133333
1 0.515365 0.512037 0.034896 0.087037
1 0.352865 0.488889 0.030729 0.096296
1 0.382552 0.500000 0.031771 0.103704
1 0.605729 0.519444 0.030208 0.101852
1 0.482812 0.459259 0.030208 0.103704
1 0.657292 0.432870 0.031250 0.099074
1 0.633594 0.422685 0.029687 0.100926
1 0.378646 0.473611 0.028125 0.087963
2 0.767969 0.542593 0.036979 0.118519
1 0.834115 0.438889 0.031771 0.103704
1 0.493750 0.545370 0.042708 0.122222
1 0.917969 0.605093 0.045312 0.115741
