1 0.725781 0.417130 0.028646 0.113889
1 0.277083 0.740741 0.038542 0.192593
1 0.610677 0.374537 0.032813 0.117593
1 0.606771 0.389815 0.036458 0.107407
1 0.248698 0.465278 0.035937 0.143519
1 0.001563 0.263426 0.003125 0.065741
1 0.407031 0.578704 0.040104 0.166667
1 0.701042 0.354630 0.032292 0.105556
1 0.439844 0.343981 0.026562 0.121296
1 0.187240 0.292130 0.025521 0.104630
1 0.639062 0.821296 0.051042 0.212963
1 0.353385 0.308796 0.024479 0.104630
2 0.072135 0.350463 0.031771 0.119444
1 0.729688 0.343056 0.039583 0.112037
0 0.703125 0.172222 0.009375 0.016667
1 0.592969 0.349537 0.028646 0.134259
