1 0.738542 0.464352 0.022917 0.091667
1 0.122396 0.412963 0.032292 0.103704
1 0.256250 0.485648 0.027083 0.104630
1 0.274479 0.599074 0.027083 0.137037
1 0.032813 0.415741 0.026042 0.101852
1 0.310677 0.414352 0.028646 0.102778
1 0.357552 0.505093 0.033854 0.126852
1 0.209375 0.427315 0.032292 0.108333
1 0.190104 0.426852 0.043750 0.109259
1 0.763542 0.497222 0.044792 0.087037
1 0.286458 0.429630 0.018750 0.107407
1 0.116927 0.406019 0.026562 0.091667
1 0.359115 0.453704 0.016146 0.105556
1 0.340365 0.462037 0.027604 0.109259
1 0.038802 0.511111 0.031771 0.111111
1 0.391927 0.562037 0.039062 0.120370
