1 0.843750 0.487963 0.020833 0.098148
1 0.134635 0.435648 0.031771 0.113889
1 0.301563 0.514352 0.020833 0.117593
1 0.321354 0.646759 0.033333 0.141667
1 0.375260 0.426389 0.026562 0.104630
1 0.405729 0.543056 0.026042 0.132407
1 0.203385 0.436111 0.027604 0.105556
1 0.161979 0.447222 0.030208 0.107407
1 0.782031 0.532407 0.033854 0.048148
1 0.300781 0.429630 0.020313 0.103704
1 0.054427 0.401852 0.022396 0.090741
1 0.424219 0.464815 0.027604 0.107407
1 0.307552 0.484722 0.018229 0.110185
1 0.039844 0.506944 0.023438 0.110185
1 0.205990 0.623148 0.031771 0.135185
