0 0.573177 0.465278 0.013021 0.015741
1 0.405729 0.443519 0.029167 0.100000
1 0.924219 0.709259 0.033854 0.146296
1 0.293229 0.896759 0.058333 0.191667
1 0.511198 0.478241 0.034896 0.112037
1 0.685156 0.475463 0.029687 0.097222
1 0.602865 0.454630 0.022396 0.092593
1 0.773438 0.441667 0.026042 0.088889
1 0.276042 0.750000 0.039583 0.157407
1 0.576823 0.523611 0.033854 0.084259
1 0.487500 0.493519 0.026042 0.094444
1 0.477865 0.502315 0.034896 0.102778
1 0.625781 0.518056 0.031771 0.102778
1 0.567969 0.469907 0.027604 0.091667
1 0.737760 0.447685 0.027604 0.100926
1 0.711719 0.440278 0.026562 0.097222
1 0.497396 0.484722 0.021875 0.100926
2 0.797135 0.558796 0.025521 0.119444
1 0.849740 0.449537 0.030729 0.097222
1 0.576042 0.546759 0.029167 0.112037
1 0.991927 0.605556 0.015104 0.129630
