1 0.186198 0.592593 0.033854 0.101852
1 0.591667 0.493056 0.034375 0.076852
1 0.376823 0.531481 0.035937 0.088889
1 0.620573 0.504630 0.019271 0.096296
1 0.707031 0.462500 0.027604 0.073148
1 0.628125 0.600000 0.025000 0.120370
1 0.678646 0.474537 0.026042 0.078704
1 0.603646 0.460648 0.016667 0.080556
1 0.757812 0.485185 0.025000 0.081481
1 0.992448 0.444907 0.014063 0.080556
1 0.839063 0.463889 0.023958 0.079630
2 0.881250 0.393981 0.033333 0.058333
2 0.776563 0.544444 0.031250 0.107407
0 0.703906 0.487963 0.005729 0.009259
1 0.546875 0.493519 0.022917 0.083333
1 0.351042 0.529630 0.026042 0.088889
1 0.237240 0.487500 0.022396 0.058333
