1 0.092969 0.428704 0.013021 0.068519
1 0.371875 0.463426 0.020833 0.069444
1 0.103646 0.429630 0.015625 0.072222
1 0.113021 0.472685 0.023958 0.073148
1 0.179427 0.485185 0.020313 0.079630
1 0.052083 0.511574 0.032292 0.082407
1 0.429427 0.459722 0.014063 0.067593
1 0.300521 0.406944 0.011458 0.063889
1 0.260937 0.436574 0.018750 0.071296
1 0.233854 0.424074 0.016667 0.066667
1 0.132552 0.422685 0.017188 0.065741
1 0.335677 0.423148 0.018229 0.061111
1 0.229948 0.415741 0.011979 0.064815
1 0.294010 0.432870 0.010937 0.062037
1 0.264062 0.426852 0.013542 0.066667
1 0.302865 0.419444 0.013021 0.064815
1 0.142969 0.485648 0.018229 0.067593
1 0.303125 0.439352 0.017708 0.067593
2 0.988021 0.564352 0.016667 0.089815
