1 0.204687 0.600000 0.023958 0.150000
1 0.270573 0.615741 0.050521 0.027778
1 0.320833 0.539815 0.030208 0.135185
1 0.741146 0.771296 0.031250 0.179630
1 0.440625 0.527778 0.015625 0.124074
2 0.458333 0.511111 0.023958 0.124074
1 0.412500 0.542593 0.023958 0.133333
1 0.865365 0.438426 0.024479 0.106481
1 0.577344 0.344444 0.019271 0.088889
1 0.836719 0.284722 0.010937 0.073148
2 0.702865 0.174074 0.011979 0.051852
1 0.404427 0.937037 0.045312 0.124074
1 0.399740 0.509259 0.020313 0.129630
1 0.531510 0.546296 0.024479 0.131481
0 0.308333 0.612500 0.036458 0.076852
0 0.342448 0.602778 0.038021 0.068519
0 0.666146 0.762963 0.035417 0.153704
0 0.719792 0.800000 0.035417 0.179630
