1 0.788802 0.367593 0.028646 0.107407
1 0.597917 0.581944 0.045833 0.156481
1 0.929427 0.306019 0.028646 0.112037
1 0.848437 0.240278 0.022917 0.099074
1 0.689583 0.426852 0.035417 0.127778
1 0.998177 0.140278 0.002604 0.063889
1 0.607552 0.424537 0.045312 0.121296
1 0.755729 0.237037 0.026042 0.105556
1 0.353906 0.277315 0.040104 0.108333
1 0.340365 0.196759 0.029687 0.089815
1 0.413542 0.553704 0.040625 0.148148
1 0.067448 0.384259 0.045312 0.122222
1 0.428906 0.228704 0.035937 0.092593
1 0.820833 0.201852 0.020833 0.077778
1 0.201563 0.363426 0.036458 0.125000
2 0.312760 0.287963 0.027604 0.101852
0 0.695312 0.487963 0.009375 0.014815
