2 0.178906 0.425926 0.043229 0.112963
1 0.009635 0.455093 0.019271 0.100926
1 0.076563 0.472222 0.033333 0.112963
1 0.278385 0.366204 0.025521 0.089815
1 0.468229 0.418519 0.027083 0.096296
1 0.942708 0.409259 0.027083 0.094444
1 0.710156 0.497685 0.020313 0.110185
1 0.577865 0.700926 0.036979 0.161111
1 0.426302 0.512500 0.029687 0.121296
1 0.498958 0.511111 0.034375 0.112963
1 0.475521 0.490278 0.041667 0.034259
1 0.125260 0.366667 0.029687 0.090741
0 0.461458 0.493519 0.006250 0.007407
1 0.490625 0.428704 0.025000 0.087037
