1 0.388542 0.419444 0.011458 0.055556
1 0.352604 0.418519 0.012500 0.055556
1 0.321615 0.411111 0.009896 0.061111
1 0.151302 0.481944 0.013021 0.069444
1 0.018750 0.444907 0.013542 0.062037
1 0.181510 0.413426 0.014063 0.056481
1 0.229427 0.429167 0.016146 0.062037
1 0.249740 0.414352 0.011979 0.058333
1 0.269792 0.406944 0.013542 0.060185
1 0.242448 0.402315 0.010937 0.054630
1 0.891927 0.559722 0.019271 0.078704
1 0.010417 0.515741 0.017708 0.079630
1 0.074219 0.416667 0.015104 0.061111
1 0.122396 0.428241 0.013542 0.062037
1 0.326823 0.417593 0.011979 0.059259
1 0.347396 0.422685 0.010417 0.060185
1 0.379688 0.418056 0.012500 0.056481
1 0.342187 0.406944 0.009375 0.054630
1 0.341406 0.400463 0.013021 0.056481
2 0.097917 0.398611 0.012500 0.056481
2 0.944792 0.543981 0.013542 0.078704
0 0.897656 0.568981 0.005729 0.010185
