0 0.588021 0.398148 0.014583 0.035185
1 0.734896 0.628704 0.046875 0.148148
1 0.487760 0.531944 0.033854 0.134259
1 0.557292 0.657407 0.038542 0.140741
1 0.180208 0.326852 0.025000 0.107407
1 0.234375 0.315741 0.019792 0.092593
1 0.268229 0.275463 0.027083 0.087963
1 0.536719 0.299074 0.027604 0.090741
1 0.523177 0.660185 0.064062 0.159259
1 0.300000 0.389352 0.025000 0.100926
1 0.020573 0.425000 0.032813 0.116667
1 0.589844 0.390278 0.033854 0.099074
1 0.224479 0.301852 0.023958 0.088889
1 0.294010 0.295833 0.019271 0.093519
1 0.351302 0.280093 0.022396 0.089815
1 0.159115 0.315741 0.025521 0.096296
2 0.550521 0.375926 0.025000 0.103704
1 0.628125 0.302315 0.032292 0.087963
1 0.248958 0.447222 0.027083 0.122222
1 0.466406 0.518981 0.035937 0.130556
2 0.611198 0.162037 0.018229 0.059259
