1 0.252604 0.552315 0.030208 0.089815
1 0.535937 0.456019 0.017708 0.084259
1 0.414844 0.533796 0.020313 0.104630
1 0.672396 0.532407 0.021875 0.085185
1 0.667448 0.441667 0.018229 0.055556
1 0.523438 0.569444 0.027083 0.111111
1 0.653646 0.480093 0.020833 0.078704
1 0.641406 0.454167 0.029687 0.056481
1 0.775000 0.488889 0.022917 0.088889
1 0.892969 0.469444 0.015104 0.077778
2 0.895312 0.396296 0.017708 0.064815
2 0.811719 0.568056 0.024479 0.106481
0 0.623958 0.505093 0.006250 0.010185
1 0.499219 0.470833 0.022396 0.082407
1 0.363021 0.521759 0.026042 0.084259
1 0.422917 0.496296 0.017708 0.075926
