1 0.231510 0.643519 0.034896 0.094444
1 0.330990 0.628704 0.061979 0.038889
1 0.428906 0.501852 0.021354 0.125926
1 0.497135 0.511574 0.026562 0.110185
1 0.455990 0.540741 0.024479 0.122222
2 0.448437 0.523148 0.017708 0.116667
1 0.449479 0.536574 0.025000 0.125000
1 0.868750 0.484259 0.014583 0.116667
1 0.511458 0.417130 0.015625 0.100926
1 0.744531 0.340741 0.017188 0.079630
2 0.734635 0.198148 0.008854 0.053704
0 0.438542 0.599074 0.008333 0.014815
1 0.987760 0.608333 0.023438 0.116667
1 0.453125 0.882870 0.035417 0.193519
1 0.421354 0.544444 0.039583 0.131481
1 0.388802 0.598148 0.032813 0.135185
0 0.317969 0.675000 0.036979 0.146296
0 0.350781 0.631019 0.036979 0.126852
