1 0.639583 0.294444 0.020833 0.062963
1 0.092708 0.401852 0.023958 0.079630
1 0.959375 0.289352 0.016667 0.073148
1 0.407552 0.376852 0.024479 0.088889
2 0.484375 0.372222 0.023958 0.079630
1 0.730469 0.440278 0.027604 0.097222
1 0.300781 0.273148 0.020313 0.062963
2 0.347135 0.215741 0.014063 0.046296
1 0.811458 0.342593 0.023958 0.075926
1 0.808073 0.262500 0.015104 0.058333
1 0.822656 0.418056 0.025521 0.089815
1 0.309635 0.377315 0.022396 0.084259
1 0.464583 0.462963 0.037500 0.103704
1 0.609115 0.354630 0.017188 0.074074
1 0.300521 0.294444 0.022917 0.061111
1 0.108594 0.337037 0.025521 0.070370
1 0.323958 0.659259 0.057292 0.129630
1 0.009896 0.416204 0.017708 0.080556
0 0.521094 0.784722 0.010937 0.019444
1 0.578125 0.732870 0.050000 0.150926
1 0.817187 0.279630 0.017708 0.072222
