0 0.708073 0.427778 0.005729 0.011111
2 0.500521 0.542593 0.032292 0.124074
2 0.627344 0.354167 0.017188 0.073148
1 0.057813 0.528241 0.032292 0.117593
1 0.397396 0.425926 0.021875 0.100000
1 0.567708 0.382870 0.021875 0.067593
1 0.460677 0.415741 0.025521 0.092593
1 0.683073 0.394907 0.031771 0.087963
1 0.286458 0.687037 0.033333 0.157407
1 0.572135 0.566204 0.026562 0.125000
1 0.729427 0.458796 0.023438 0.095370
1 0.063021 0.535648 0.030208 0.119444
1 0.457031 0.400463 0.019271 0.082407
1 0.646875 0.375000 0.021875 0.066667
1 0.698438 0.393981 0.026042 0.086111
1 0.988281 0.426852 0.019271 0.094444
1 0.771094 0.515278 0.021354 0.112037
1 0.913281 0.606019 0.036979 0.139815
