0 0.700781 0.422222 0.005729 0.011111
2 0.487760 0.540741 0.032813 0.124074
2 0.628385 0.354167 0.018229 0.071296
1 0.058854 0.525463 0.028125 0.123148
1 0.398958 0.426852 0.021875 0.100000
1 0.568750 0.379630 0.023958 0.066667
1 0.455469 0.414352 0.024479 0.089815
1 0.682292 0.393056 0.035417 0.087963
1 0.278385 0.682870 0.031771 0.154630
1 0.569792 0.565741 0.030208 0.124074
1 0.729427 0.456481 0.023438 0.092593
1 0.064323 0.534722 0.034896 0.119444
1 0.465365 0.398148 0.018229 0.083333
1 0.648958 0.371296 0.019792 0.068519
1 0.696354 0.392593 0.023958 0.083333
1 0.991667 0.425926 0.015625 0.094444
1 0.770573 0.514815 0.023438 0.111111
1 0.903385 0.606481 0.029687 0.140741
