1 0.490365 0.394907 0.028646 0.091667
1 0.419010 0.406019 0.043229 0.086111
1 0.647656 0.430556 0.029687 0.094444
1 0.166927 0.604630 0.040104 0.151852
1 0.033333 0.556019 0.043750 0.149074
1 0.384115 0.466204 0.035937 0.108333
1 0.484375 0.631481 0.054167 0.188889
2 0.183333 0.462037 0.033333 0.116667
1 0.570052 0.487037 0.045312 0.133333
1 0.744792 0.593981 0.037500 0.156481
1 0.615104 0.421759 0.039583 0.099074
1 0.640885 0.480556 0.026562 0.090741
1 0.444271 0.510648 0.030208 0.132407
1 0.459896 0.409259 0.045833 0.111111
1 0.898958 0.594907 0.036458 0.145370
0 0.489583 0.442130 0.008333 0.013889
1 0.649479 0.572685 0.035417 0.147222
1 0.766146 0.416667 0.030208 0.087037
