1 0.400781 0.312500 0.015104 0.060185
1 0.424479 0.395370 0.013542 0.066667
0 0.361719 0.347685 0.005729 0.010185
1 0.269531 0.388889 0.016146 0.072222
1 0.365625 0.592593 0.020833 0.092593
1 0.167969 0.350463 0.011979 0.065741
2 0.209375 0.487500 0.012500 0.082407
1 0.320833 0.607407 0.016667 0.092593
1 0.321615 0.707407 0.023438 0.098148
1 0.229167 0.736111 0.020833 0.107407
1 0.763281 0.537500 0.014063 0.099074
1 0.728906 0.546296 0.025521 0.096296
1 0.741667 0.544907 0.016667 0.095370
1 0.664844 0.506019 0.021354 0.089815
1 0.623698 0.477315 0.013021 0.080556
1 0.608854 0.470833 0.015625 0.078704
1 0.656510 0.655556 0.021354 0.101852
1 0.667448 0.650463 0.013021 0.095370
1 0.620313 0.637037 0.019792 0.087037
1 0.644531 0.625000 0.017188 0.083333
1 0.630469 0.593981 0.020313 0.087963
1 0.650000 0.586111 0.017708 0.088889
