1 0.484896 0.540278 0.014583 0.071296
1 0.470573 0.468981 0.015104 0.060185
1 0.470052 0.657870 0.022396 0.069444
1 0.187760 0.935648 0.029687 0.119444
2 0.203125 0.493056 0.013542 0.063889
1 0.505990 0.435185 0.013021 0.053704
1 0.381250 0.612037 0.017708 0.079630
1 0.334375 0.453704 0.014583 0.051852
1 0.303385 0.422222 0.016146 0.048148
0 0.196094 0.905093 0.036979 0.130556
1 0.509115 0.584259 0.017188 0.079630
1 0.151562 0.610648 0.022917 0.075000
1 0.165885 0.556481 0.021354 0.077778
0 0.164062 0.920370 0.033333 0.118519
1 0.443490 0.625926 0.019271 0.081481
1 0.091667 0.560648 0.014583 0.076852
1 0.129688 0.567130 0.015625 0.069444
1 0.153906 0.444444 0.014063 0.050000
2 0.155729 0.343056 0.008333 0.030556
1 0.125781 0.640278 0.025521 0.080556
1 0.097917 0.494907 0.015625 0.056481
2 0.700521 0.802778 0.034375 0.111111
1 0.314063 0.815278 0.026042 0.119444
0 0.933594 0.440278 0.003646 0.004630
1 0.982552 0.422222 0.011979 0.037037
1 0.100000 0.615741 0.022917 0.079630
1 0.023958 0.827778 0.031250 0.112963
1 0.009896 0.714352 0.019792 0.087963
