1 0.492708 0.555093 0.011458 0.073148
1 0.462500 0.464352 0.014583 0.058333
1 0.460677 0.646759 0.017188 0.080556
1 0.245573 0.858796 0.021354 0.097222
2 0.209896 0.491204 0.013542 0.063889
1 0.506771 0.428704 0.011458 0.053704
1 0.382812 0.612963 0.017708 0.077778
1 0.339583 0.452778 0.014583 0.051852
1 0.306510 0.421296 0.016146 0.048148
0 0.260677 0.864352 0.033854 0.141667
1 0.511719 0.583333 0.017188 0.079630
1 0.166406 0.604630 0.016146 0.074074
1 0.171615 0.556481 0.023438 0.077778
0 0.197656 0.868519 0.030729 0.112963
1 0.445052 0.624074 0.019271 0.081481
1 0.105729 0.547685 0.014583 0.076852
1 0.134115 0.565741 0.015104 0.070370
1 0.164323 0.443981 0.014063 0.047222
2 0.159375 0.340278 0.008333 0.030556
1 0.129948 0.637500 0.024479 0.080556
1 0.104688 0.492130 0.012500 0.056481
2 0.716927 0.803241 0.023438 0.108333
1 0.239323 0.895370 0.026562 0.125926
0 0.278646 0.904167 0.033333 0.112037
0 0.938281 0.439352 0.003646 0.004630
1 0.990625 0.418056 0.014583 0.041667
1 0.148698 0.599074 0.021354 0.079630
1 0.029427 0.826852 0.024479 0.111111
1 0.011719 0.711574 0.023438 0.087963
