1 0.972656 0.856019 0.041146 0.165741
0 0.437760 0.538889 0.008854 0.014815
2 0.787500 0.610648 0.044792 0.113889
1 0.260937 0.631019 0.035417 0.113889
1 0.435156 0.545833 0.022396 0.102778
2 0.616667 0.415278 0.021875 0.063889
1 0.254167 0.547685 0.039583 0.097222
1 0.158854 0.553241 0.035417 0.100926
1 0.523698 0.606019 0.032813 0.106481
1 0.702865 0.628241 0.038021 0.106481
1 0.068490 0.500463 0.026562 0.082407
1 0.740365 0.693519 0.050521 0.142593
1 0.598177 0.628704 0.033854 0.120370
1 0.521875 0.592593 0.041667 0.120370
1 0.205729 0.537963 0.025000 0.105556
1 0.615104 0.618981 0.026042 0.110185
1 0.460156 0.514815 0.033854 0.088889
1 0.349219 0.471296 0.035937 0.079630
1 0.400260 0.570833 0.029687 0.102778
1 0.079427 0.599537 0.032813 0.104630
