1 0.329688 0.351389 0.014583 0.071296
1 0.163021 0.460648 0.017708 0.073148
0 0.656510 0.401389 0.005729 0.010185
1 0.328385 0.473611 0.021354 0.080556
1 0.447656 0.453704 0.019271 0.077778
2 0.175260 0.532870 0.014063 0.089815
1 0.567187 0.673611 0.019792 0.093519
1 0.708854 0.557870 0.016667 0.097222
1 0.588542 0.569444 0.018750 0.100000
1 0.659635 0.602315 0.022396 0.104630
1 0.353646 0.389815 0.018750 0.083333
1 0.518490 0.595833 0.022396 0.091667
1 0.541406 0.680556 0.024479 0.107407
1 0.420312 0.541204 0.016667 0.084259
1 0.551042 0.537500 0.021875 0.093519
1 0.616406 0.576389 0.021354 0.093519
