1 0.914844 0.809722 0.032813 0.156481
0 0.627865 0.357870 0.009896 0.017593
2 0.892188 0.648148 0.040625 0.125926
1 0.428646 0.593056 0.020833 0.108333
1 0.305208 0.544444 0.027083 0.090741
2 0.992448 0.430556 0.014063 0.064815
1 0.734375 0.522685 0.035417 0.095370
1 0.488802 0.621759 0.038021 0.110185
1 0.591406 0.548148 0.034896 0.090741
1 0.596615 0.567130 0.026562 0.087963
1 0.735677 0.660185 0.044271 0.122222
1 0.734896 0.504630 0.021875 0.083333
1 0.666146 0.691667 0.039583 0.138889
1 0.665885 0.640278 0.027604 0.117593
1 0.559635 0.582870 0.029687 0.117593
1 0.486979 0.612500 0.038542 0.104630
1 0.567448 0.531019 0.030729 0.073148
1 0.586458 0.643056 0.034375 0.104630
1 0.765885 0.541667 0.042188 0.092593
1 0.699479 0.515278 0.033333 0.089815
1 0.543490 0.577315 0.034896 0.084259
1 0.457031 0.577778 0.038021 0.101852
