0 0.381250 0.425926 0.010417 0.012963
2 0.405729 0.625926 0.025000 0.105556
1 0.397656 0.554630 0.020313 0.098148
1 0.503385 0.534722 0.028646 0.087963
1 0.572396 0.541667 0.019792 0.092593
1 0.469531 0.539352 0.021354 0.095370
1 0.605990 0.541667 0.023438 0.094444
1 0.487760 0.532407 0.025521 0.077778
1 0.603646 0.523611 0.020833 0.091667
1 0.599219 0.551852 0.025521 0.092593
1 0.434635 0.529630 0.022396 0.111111
1 0.553125 0.605556 0.026042 0.105556
1 0.428906 0.563426 0.019271 0.093519
1 0.377865 0.558333 0.022396 0.094444
1 0.469792 0.537500 0.028125 0.097222
1 0.562760 0.536111 0.018229 0.077778
1 0.565104 0.513889 0.012500 0.070370
1 0.805469 0.640741 0.022396 0.116667
1 0.853646 0.564815 0.012500 0.098148
1 0.948177 0.558796 0.015104 0.099074
