1 0.033594 0.397685 0.023438 0.052778
1 0.040104 0.430556 0.025000 0.062963
1 0.379167 0.553241 0.021875 0.084259
1 0.042708 0.745833 0.032292 0.132407
1 0.162760 0.518981 0.026562 0.087963
1 0.256250 0.490278 0.028125 0.076852
1 0.269792 0.810648 0.043750 0.141667
1 0.683073 0.722685 0.046354 0.110185
2 0.320052 0.472222 0.019271 0.070370
1 0.434375 0.516204 0.029167 0.086111
1 0.460938 0.475926 0.018750 0.074074
1 0.532813 0.428704 0.019792 0.061111
1 0.709635 0.479167 0.028646 0.065741
1 0.747135 0.548611 0.026562 0.078704
1 0.569792 0.557407 0.018750 0.100000
1 0.625521 0.553241 0.029167 0.080556
0 0.470052 0.513426 0.006771 0.010185
1 0.500000 0.541667 0.036458 0.087037
1 0.931510 0.382870 0.016146 0.058333
