0 0.509115 0.411574 0.007812 0.013889
2 0.392188 0.712500 0.048958 0.119444
1 0.108854 0.577778 0.032292 0.103704
1 0.533594 0.621296 0.049479 0.109259
1 0.888281 0.555093 0.035937 0.069444
1 0.178646 0.630556 0.041667 0.111111
1 0.416146 0.650926 0.044792 0.116667
1 0.200781 0.573148 0.046354 0.105556
1 0.628906 0.487963 0.033854 0.083333
1 0.309375 0.621759 0.031250 0.102778
1 0.151562 0.571759 0.032292 0.099074
1 0.606771 0.606944 0.040625 0.104630
1 0.631250 0.869907 0.051042 0.154630
1 0.326823 0.554630 0.025521 0.085185
1 0.202604 0.538889 0.025000 0.088889
1 0.140885 0.548148 0.032813 0.090741
1 0.225260 0.569444 0.029687 0.088889
1 0.995052 0.818519 0.008854 0.014815
1 0.425000 0.531481 0.030208 0.092593
2 0.639062 0.416204 0.026042 0.062037
