1 0.588021 0.379167 0.021875 0.075000
1 0.628385 0.418981 0.032813 0.065741
0 0.131510 0.508796 0.008854 0.012037
1 0.720052 0.410648 0.028646 0.071296
1 0.406771 0.500463 0.020833 0.075000
1 0.858854 0.426852 0.021875 0.072222
2 0.519531 0.508333 0.020313 0.087037
1 0.296094 0.472222 0.027604 0.079630
1 0.488542 0.708333 0.023958 0.096296
1 0.263281 0.745833 0.036979 0.108333
1 0.986979 0.606944 0.022917 0.110185
1 0.887240 0.537037 0.020313 0.090741
1 0.520052 0.491667 0.027604 0.079630
1 0.740104 0.494907 0.020833 0.080556
1 0.957552 0.669907 0.038021 0.100926
1 0.839323 0.738889 0.029687 0.103704
1 0.576042 0.606944 0.036458 0.097222
1 0.909115 0.615278 0.033854 0.106481
1 0.011458 0.551389 0.022917 0.099074
