1 0.724479 0.719444 0.025000 0.129630
0 0.761198 0.740278 0.009896 0.015741
2 0.879427 0.538426 0.024479 0.093519
1 0.732552 0.506019 0.025521 0.082407
1 0.274740 0.483796 0.039062 0.076852
2 0.964844 0.402315 0.013021 0.062037
1 0.880990 0.467593 0.022396 0.072222
1 0.741146 0.541667 0.022917 0.092593
1 0.759896 0.494444 0.013542 0.087037
1 0.704688 0.501852 0.016667 0.083333
1 0.496615 0.544444 0.017188 0.092593
1 0.875521 0.455093 0.015625 0.073148
1 0.550781 0.608796 0.031771 0.115741
1 0.598958 0.563426 0.016667 0.095370
1 0.647396 0.533796 0.025000 0.099074
1 0.665365 0.530093 0.021354 0.087963
1 0.700260 0.495833 0.018229 0.084259
1 0.633854 0.550463 0.017708 0.089815
1 0.815885 0.482870 0.017188 0.084259
1 0.820833 0.462963 0.017708 0.074074
1 0.733073 0.501389 0.014063 0.075000
1 0.699740 0.501852 0.016146 0.079630
