1 0.401562 0.307407 0.013542 0.074074
1 0.424740 0.395370 0.013021 0.066667
0 0.360677 0.348148 0.006771 0.009259
1 0.268750 0.389815 0.016667 0.072222
1 0.365365 0.588889 0.021354 0.092593
1 0.167969 0.350000 0.013021 0.066667
2 0.209375 0.487500 0.012500 0.082407
1 0.317448 0.603241 0.015104 0.091667
1 0.322917 0.712500 0.023958 0.099074
1 0.230469 0.742593 0.023438 0.109259
1 0.763021 0.537037 0.013542 0.098148
1 0.728906 0.544444 0.019271 0.098148
1 0.741406 0.543056 0.016146 0.097222
1 0.666146 0.506019 0.022917 0.089815
1 0.637760 0.481944 0.018229 0.078704
1 0.619010 0.480556 0.016146 0.079630
1 0.656250 0.656019 0.031250 0.102778
1 0.667969 0.651389 0.013021 0.095370
1 0.625781 0.633333 0.024479 0.090741
1 0.645573 0.625000 0.016146 0.085185
1 0.627083 0.590741 0.019792 0.094444
1 0.649479 0.585648 0.017708 0.093519
