1 0.183333 0.401852 0.035417 0.090741
1 0.149219 0.414352 0.038021 0.086111
1 0.358333 0.434722 0.023958 0.093519
1 0.035417 0.624074 0.037500 0.148148
1 0.236198 0.450000 0.023438 0.096296
1 0.347396 0.634722 0.053125 0.147222
1 0.988021 0.643519 0.022917 0.148148
2 0.126562 0.462500 0.023958 0.108333
1 0.425000 0.475463 0.035417 0.100926
1 0.543750 0.608796 0.035417 0.137963
1 0.309115 0.422222 0.039062 0.081481
1 0.484115 0.454630 0.026562 0.098148
1 0.422917 0.498148 0.037500 0.085185
1 0.237760 0.415741 0.038021 0.094444
1 0.778125 0.571296 0.029167 0.118519
0 0.417969 0.453241 0.007812 0.013889
1 0.498437 0.576389 0.037500 0.121296
1 0.625781 0.400926 0.026562 0.081481
