0 0.708333 0.357870 0.009375 0.017593
2 0.180990 0.642593 0.034896 0.127778
1 0.275000 0.567593 0.039583 0.122222
1 0.269010 0.536574 0.029687 0.112037
1 0.448177 0.560185 0.032813 0.131481
1 0.195833 0.548611 0.030208 0.097222
1 0.452344 0.576389 0.026562 0.136111
1 0.285938 0.527778 0.036458 0.096296
1 0.577865 0.522222 0.038021 0.094444
1 0.514583 0.560648 0.035417 0.115741
1 0.257812 0.544907 0.027083 0.117593
1 0.436198 0.632870 0.036979 0.134259
1 0.301042 0.586111 0.035417 0.118519
1 0.233854 0.571296 0.036458 0.124074
1 0.225260 0.540741 0.039062 0.111111
1 0.427865 0.556944 0.029687 0.084259
1 0.423698 0.515278 0.038021 0.095370
1 0.789583 0.673611 0.030208 0.150926
1 0.819271 0.563426 0.037500 0.108333
1 0.889062 0.548611 0.027083 0.102778
