0 0.640625 0.440278 0.006250 0.010185
1 0.259635 0.737037 0.050521 0.127778
2 0.418229 0.551852 0.026042 0.111111
1 0.250000 0.418981 0.026042 0.073148
1 0.792188 0.547222 0.041667 0.107407
1 0.768229 0.494907 0.031250 0.087963
1 0.964583 0.445833 0.028125 0.082407
1 0.713021 0.544444 0.043750 0.107407
1 0.221875 0.587500 0.025000 0.108333
1 0.206771 0.390741 0.021875 0.072222
1 0.946615 0.549537 0.035937 0.099074
1 0.659375 0.409259 0.022917 0.074074
1 0.695052 0.928241 0.060937 0.139815
2 0.015625 0.341667 0.020833 0.057407
