1 0.776823 0.504630 0.014063 0.064815
1 0.806510 0.476389 0.010937 0.063889
1 0.735417 0.461574 0.013542 0.056481
1 0.801823 0.451852 0.011979 0.050000
1 0.832292 0.557407 0.012500 0.064815
1 0.696354 0.458333 0.013542 0.059259
1 0.870313 0.508333 0.017708 0.066667
1 0.508333 0.531944 0.020833 0.058333
1 0.889583 0.541204 0.015625 0.069444
2 0.944792 0.535648 0.015625 0.069444
0 0.338542 0.586111 0.005208 0.009259
1 0.749219 0.491204 0.018229 0.069444
1 0.857812 0.478241 0.014583 0.065741
1 0.769271 0.441667 0.013542 0.057407
2 0.935937 0.313889 0.010417 0.044444
1 0.709635 0.459259 0.010937 0.057407
1 0.668750 0.456019 0.010417 0.058333
