1 0.551823 0.740741 0.035937 0.120370
1 0.701042 0.620370 0.020833 0.127778
1 0.633073 0.526852 0.021354 0.103704
1 0.708854 0.529167 0.032292 0.112037
1 0.893750 0.690741 0.030208 0.116667
1 0.361458 0.639352 0.023958 0.112037
1 0.952604 0.686111 0.033333 0.124074
1 0.564844 0.545833 0.022396 0.110185
1 0.810417 0.773611 0.030208 0.137963
0 0.053646 0.601389 0.009375 0.015741
1 0.954167 0.470370 0.022917 0.109259
1 0.828385 0.470833 0.027604 0.119444
1 0.503125 0.587500 0.037500 0.112037
1 0.405729 0.549537 0.030208 0.110185
