2 0.234896 0.204630 0.005208 0.031481
2 0.374740 0.406019 0.016146 0.082407
1 0.701562 0.817593 0.030208 0.142593
1 0.834375 0.395370 0.016667 0.077778
1 0.608854 0.273611 0.009375 0.049074
1 0.479427 0.371759 0.013021 0.073148
1 0.249479 0.287037 0.010417 0.050000
1 0.035937 0.401389 0.016667 0.069444
1 0.235156 0.545833 0.020313 0.115741
1 0.650521 0.460648 0.017708 0.089815
1 0.592708 0.538426 0.018750 0.104630
1 0.277344 0.290741 0.009896 0.051852
1 0.175521 0.294907 0.009375 0.049074
1 0.265885 0.357407 0.016146 0.066667
1 0.007292 0.380556 0.014583 0.062963
1 0.085938 0.686574 0.030208 0.099074
1 0.179688 0.517593 0.021875 0.094444
0 0.691667 0.814352 0.009375 0.019444
0 0.277344 0.635185 0.008854 0.014815
0 0.539062 0.810185 0.034375 0.166667
