1 0.959115 0.536574 0.030729 0.099074
1 0.892708 0.467130 0.016667 0.080556
1 0.620313 0.731944 0.030208 0.110185
2 0.465365 0.441667 0.020313 0.072222
1 0.883073 0.462963 0.022396 0.079630
1 0.710938 0.651389 0.021875 0.112037
1 0.607292 0.431944 0.015625 0.069444
1 0.654167 0.359259 0.011458 0.059259
1 0.755729 0.639815 0.030208 0.109259
1 0.399479 0.694907 0.042708 0.110185
1 0.340625 0.552778 0.029167 0.087037
1 0.621615 0.543056 0.018229 0.097222
1 0.117188 0.530556 0.023958 0.083333
1 0.325260 0.560185 0.025521 0.087037
1 0.376042 0.367130 0.015625 0.054630
2 0.397656 0.237037 0.008854 0.035185
1 0.320573 0.577315 0.036979 0.087963
1 0.187760 0.412963 0.017188 0.061111
1 0.782552 0.381481 0.017188 0.061111
0 0.332031 0.550463 0.005729 0.010185
1 0.162240 0.550000 0.018229 0.088889
1 0.269792 0.665278 0.030208 0.113889
1 0.082031 0.632870 0.020313 0.104630
