0 0.665365 0.481944 0.008854 0.010185
1 0.127083 0.653704 0.038542 0.124074
2 0.385677 0.592593 0.030729 0.127778
1 0.446354 0.412500 0.020833 0.075000
1 0.775781 0.575000 0.040104 0.120370
1 0.735677 0.475463 0.030729 0.097222
1 0.885677 0.552778 0.028646 0.118519
1 0.560417 0.486111 0.031250 0.085185
1 0.493490 0.374074 0.024479 0.072222
1 0.800781 0.420833 0.027604 0.080556
1 0.173437 0.846759 0.055208 0.171296
2 0.536719 0.347222 0.019271 0.053704
1 0.425781 0.467130 0.032813 0.086111
1 0.200000 0.548148 0.021875 0.101852
1 0.068750 0.579630 0.028125 0.116667
