1 0.805469 0.646296 0.025521 0.107407
0 0.446354 0.540278 0.007292 0.012037
1 0.412760 0.533796 0.031771 0.071296
2 0.402604 0.511111 0.016667 0.081481
1 0.538802 0.769907 0.041146 0.132407
1 0.263542 0.549074 0.028125 0.090741
1 0.569010 0.626852 0.039062 0.098148
1 0.282031 0.551852 0.020313 0.083333
1 0.731771 0.578704 0.026042 0.100000
1 0.617188 0.597685 0.034375 0.110185
1 0.410417 0.840278 0.036458 0.143519
1 0.084635 0.561574 0.028646 0.099074
1 0.394531 0.523611 0.022396 0.076852
1 0.701562 0.553704 0.032292 0.085185
1 0.069531 0.932870 0.044271 0.132407
