1 0.090104 0.718981 0.060417 0.150926
0 0.552865 0.361574 0.011979 0.019444
2 0.669792 0.742593 0.043750 0.164815
1 0.587240 0.578704 0.041146 0.127778
1 0.441927 0.607870 0.045312 0.132407
1 0.233854 0.639815 0.051042 0.127778
1 0.325781 0.623148 0.035937 0.144444
1 0.235417 0.563426 0.046875 0.089815
1 0.619271 0.604167 0.039583 0.123148
1 0.419010 0.606944 0.028646 0.134259
1 0.962240 0.609722 0.032813 0.130556
1 0.795833 0.666667 0.040625 0.148148
1 0.609635 0.592593 0.045312 0.131481
1 0.565365 0.582870 0.045312 0.117593
1 0.656250 0.575926 0.050000 0.116667
1 0.995313 0.516667 0.008333 0.046296
