1 0.791146 0.513426 0.015625 0.067593
1 0.810937 0.479630 0.014583 0.066667
1 0.757031 0.456481 0.015104 0.055556
1 0.798698 0.450000 0.010937 0.057407
1 0.850781 0.552778 0.013021 0.066667
1 0.694271 0.461111 0.011458 0.059259
1 0.887760 0.506481 0.014063 0.046296
1 0.581250 0.515278 0.016667 0.056481
1 0.885417 0.554167 0.014583 0.071296
2 0.977083 0.526852 0.016667 0.068519
0 0.338021 0.583796 0.006250 0.008333
1 0.829427 0.506481 0.019271 0.068519
1 0.855469 0.464352 0.014063 0.062037
1 0.790625 0.432870 0.014583 0.058333
2 0.944271 0.312963 0.011458 0.046296
1 0.712500 0.465278 0.014583 0.058333
1 0.653385 0.460185 0.017188 0.059259
