1 0.729167 0.722685 0.025000 0.126852
0 0.767188 0.741667 0.009375 0.016667
2 0.870573 0.554630 0.022396 0.098148
1 0.665365 0.522685 0.028646 0.073148
1 0.258073 0.482870 0.022396 0.076852
2 0.963281 0.403704 0.015104 0.061111
1 0.836719 0.475463 0.016146 0.071296
1 0.729167 0.546296 0.027083 0.081481
1 0.734635 0.489815 0.028646 0.077778
1 0.672135 0.498148 0.018229 0.066667
1 0.510677 0.557407 0.022396 0.085185
1 0.841406 0.457870 0.020313 0.069444
1 0.546875 0.609722 0.020833 0.113889
1 0.602344 0.567593 0.030729 0.098148
1 0.647396 0.534259 0.030208 0.100000
1 0.653646 0.528241 0.026042 0.084259
1 0.713542 0.490278 0.032292 0.080556
1 0.627083 0.555556 0.028125 0.088889
1 0.797917 0.479630 0.021875 0.074074
1 0.803385 0.462963 0.018229 0.077778
1 0.683333 0.503241 0.017708 0.080556
1 0.663021 0.515741 0.026042 0.079630
