1 0.056510 0.125463 0.021354 0.069444
1 0.115365 0.093519 0.018229 0.072222
1 0.219531 0.569444 0.042188 0.120370
1 0.366406 0.389352 0.032813 0.089815
1 0.337240 0.241667 0.022396 0.096296
1 0.492708 0.098148 0.021875 0.072222
1 0.445573 0.148148 0.020313 0.083333
1 0.733594 0.200463 0.017188 0.093519
1 0.080208 0.124074 0.021875 0.088889
1 0.394271 0.154630 0.020833 0.074074
1 0.520833 0.147685 0.018750 0.086111
1 0.578906 0.094907 0.015104 0.073148
1 0.498177 0.220370 0.026562 0.062963
1 0.501042 0.407407 0.025000 0.131481
1 0.468750 0.623148 0.050000 0.105556
1 0.459635 0.835185 0.049479 0.205556
1 0.866406 0.187963 0.025521 0.100000
2 0.503646 0.565278 0.036458 0.162037
0 0.769792 0.756944 0.015625 0.026852
1 0.825781 0.697222 0.051562 0.177778
