1 0.059635 0.115741 0.021354 0.066667
1 0.121094 0.085185 0.019271 0.072222
1 0.237760 0.543056 0.031771 0.152778
1 0.368490 0.377778 0.031771 0.092593
1 0.384375 0.261574 0.023958 0.100926
1 0.496354 0.087500 0.021875 0.075000
1 0.449479 0.137037 0.018750 0.083333
1 0.767969 0.172222 0.021354 0.088889
1 0.103646 0.114352 0.020833 0.089815
1 0.441146 0.113426 0.017708 0.076852
1 0.515885 0.151852 0.021354 0.059259
1 0.658333 0.083333 0.019792 0.074074
1 0.553125 0.212037 0.022917 0.100000
1 0.509635 0.407870 0.026562 0.130556
1 0.497135 0.633333 0.059896 0.090741
1 0.464583 0.822685 0.050000 0.213889
1 0.869531 0.175926 0.033854 0.101852
2 0.506771 0.547222 0.030208 0.148148
