0 0.554427 0.334722 0.011979 0.015741
2 0.320052 0.643056 0.029687 0.123148
1 0.341927 0.564352 0.036979 0.112037
1 0.405208 0.519907 0.034375 0.069444
1 0.528646 0.549537 0.030208 0.102778
1 0.374479 0.540741 0.025000 0.092593
1 0.544271 0.554167 0.022917 0.113889
1 0.412240 0.505093 0.034896 0.102778
1 0.588802 0.525463 0.024479 0.095370
1 0.570052 0.560185 0.022396 0.109259
1 0.361198 0.543056 0.022396 0.108333
1 0.520312 0.626389 0.025000 0.125000
1 0.383073 0.577778 0.027604 0.111111
1 0.312500 0.570833 0.034375 0.113889
1 0.376042 0.534722 0.037500 0.108333
1 0.516927 0.540278 0.019271 0.104630
1 0.492969 0.522685 0.027604 0.082407
1 0.830990 0.666667 0.024479 0.137037
1 0.865885 0.576389 0.016146 0.112037
1 0.965885 0.566667 0.024479 0.111111
