1 0.466406 0.525463 0.015104 0.067593
1 0.402083 0.463889 0.010417 0.055556
1 0.368750 0.675000 0.028125 0.081481
2 0.149219 0.502778 0.015104 0.062963
1 0.447656 0.441667 0.009896 0.051852
1 0.348177 0.619444 0.019271 0.079630
1 0.268750 0.467130 0.011458 0.052778
1 0.255990 0.431481 0.014063 0.048148
1 0.480990 0.580556 0.017188 0.077778
1 0.096615 0.662500 0.022396 0.086111
1 0.088542 0.562500 0.016667 0.075000
1 0.388021 0.505093 0.014583 0.062037
1 0.021615 0.580556 0.014063 0.077778
1 0.102344 0.568981 0.014063 0.067593
1 0.085938 0.460648 0.011458 0.050926
2 0.094531 0.354630 0.009896 0.029630
1 0.037500 0.664815 0.017708 0.085185
1 0.031771 0.501852 0.012500 0.057407
2 0.688021 0.795833 0.029167 0.112037
1 0.432812 0.465741 0.010417 0.055556
0 0.886198 0.438426 0.003646 0.004630
1 0.951302 0.417130 0.008854 0.036111
1 0.006250 0.832870 0.012500 0.058333
