1 0.881771 0.622222 0.031250 0.100000
0 0.348958 0.465278 0.006250 0.012037
1 0.354948 0.488426 0.023438 0.062037
2 0.300781 0.538889 0.028646 0.087037
1 0.738802 0.732870 0.042188 0.115741
1 0.385417 0.612963 0.037500 0.105556
1 0.104948 0.652315 0.052604 0.113889
1 0.739323 0.603241 0.024479 0.095370
1 0.242448 0.631481 0.032813 0.101852
1 0.120573 0.606481 0.034896 0.096296
1 0.600260 0.573148 0.030729 0.096296
1 0.833073 0.618056 0.031771 0.113889
1 0.642448 0.752778 0.030729 0.125926
1 0.142448 0.633333 0.036979 0.114815
1 0.330208 0.476852 0.029167 0.064815
1 0.713021 0.560185 0.027083 0.085185
1 0.279427 0.888889 0.041146 0.162963
