1 0.662500 0.561574 0.028125 0.087963
0 0.565625 0.231019 0.008333 0.012037
1 0.003125 0.460185 0.006250 0.077778
2 0.049740 0.524537 0.026562 0.099074
1 0.667448 0.661574 0.051562 0.110185
1 0.215365 0.591667 0.040104 0.114815
1 0.599479 0.548611 0.028125 0.099074
1 0.292969 0.548611 0.030729 0.108333
1 0.640365 0.565278 0.030729 0.102778
1 0.482812 0.665741 0.053125 0.100000
1 0.031771 0.426852 0.032292 0.072222
1 0.492708 0.521296 0.039583 0.100000
1 0.085156 0.864815 0.058854 0.157407
1 0.734375 0.542130 0.036458 0.104630
