1 0.663802 0.482407 0.015104 0.072222
1 0.214583 0.653241 0.028125 0.115741
1 0.073958 0.714815 0.030208 0.098148
2 0.053125 0.539352 0.019792 0.089815
1 0.145833 0.472685 0.015625 0.078704
1 0.421875 0.487037 0.018750 0.081481
1 0.389323 0.404630 0.017188 0.057407
1 0.255729 0.414815 0.016667 0.066667
1 0.127604 0.428241 0.014583 0.060185
1 0.390625 0.408333 0.011458 0.068519
1 0.414583 0.617593 0.025000 0.090741
0 0.630208 0.412963 0.004167 0.007407
1 0.878906 0.512963 0.013021 0.088889
1 0.534115 0.407407 0.015104 0.062963
0 0.511979 0.432407 0.004167 0.007407
