0 0.693490 0.506019 0.006771 0.012037
1 0.275260 0.676852 0.039062 0.118519
2 0.510156 0.432407 0.029687 0.077778
1 0.147396 0.422222 0.027083 0.083333
1 0.634896 0.467593 0.040625 0.075926
1 0.365365 0.516667 0.038021 0.090741
1 0.944271 0.397685 0.027083 0.080556
1 0.974219 0.425926 0.035937 0.098148
1 0.880729 0.409259 0.022917 0.085185
1 0.980208 0.451389 0.026042 0.099074
1 0.794531 0.515741 0.038021 0.107407
1 0.398698 0.643056 0.046354 0.130556
1 0.110937 0.411111 0.036458 0.085185
1 0.688281 0.464815 0.022396 0.079630
1 0.678385 0.370833 0.030729 0.071296
1 0.997396 0.697685 0.003125 0.019444
