1 0.684115 0.518056 0.018229 0.076852
1 0.642188 0.453704 0.014583 0.068519
1 0.436458 0.717130 0.028125 0.102778
2 0.308594 0.460648 0.016146 0.065741
1 0.665625 0.440741 0.013542 0.062963
1 0.544271 0.617593 0.026042 0.090741
1 0.436719 0.431019 0.013021 0.056481
1 0.446094 0.384722 0.010937 0.050926
1 0.652344 0.593519 0.027604 0.083333
1 0.260417 0.647685 0.037500 0.086111
1 0.222656 0.533333 0.026562 0.074074
1 0.501563 0.521759 0.016667 0.075000
1 0.011979 0.559722 0.020833 0.052778
1 0.208073 0.527778 0.019271 0.068519
1 0.238021 0.402315 0.014583 0.052778
2 0.243490 0.293519 0.011979 0.031481
1 0.194792 0.665741 0.027083 0.088889
1 0.105469 0.456019 0.018229 0.060185
2 0.913542 0.856944 0.041667 0.126852
1 0.573698 0.384722 0.014063 0.052778
0 0.513281 0.162037 0.008854 0.012963
1 0.009115 0.598611 0.017188 0.087963
1 0.219010 0.710648 0.031771 0.097222
