2 0.461198 0.228704 0.009896 0.033333
1 0.652865 0.270833 0.007812 0.043519
1 0.632812 0.332407 0.013542 0.053704
1 0.303385 0.502778 0.024479 0.087037
1 0.271094 0.608796 0.039062 0.104630
1 0.091927 0.771759 0.040104 0.130556
1 0.242188 0.343519 0.015625 0.062963
1 0.496875 0.549074 0.027083 0.081481
1 0.421615 0.592130 0.031771 0.102778
1 0.669271 0.353704 0.011458 0.062963
1 0.694531 0.397222 0.016146 0.066667
1 0.625000 0.704167 0.020833 0.132407
1 0.903646 0.922685 0.040625 0.152778
2 0.985156 0.421296 0.016146 0.075926
1 0.873958 0.530556 0.025000 0.087037
1 0.973437 0.343056 0.019792 0.062037
1 0.998958 0.380093 0.001042 0.004630
0 0.277083 0.660648 0.008333 0.013889
