1 0.049479 0.222222 0.025000 0.085185
1 0.116927 0.187500 0.018229 0.075000
1 0.152344 0.549074 0.038021 0.138889
1 0.281250 0.409259 0.030208 0.125926
1 0.554948 0.427315 0.028646 0.113889
1 0.423177 0.193519 0.018229 0.075926
1 0.304427 0.264352 0.026562 0.091667
1 0.922656 0.459259 0.036979 0.129630
1 0.055469 0.231019 0.021354 0.091667
1 0.379948 0.224537 0.021354 0.087963
1 0.616927 0.201389 0.018229 0.078704
1 0.640625 0.427315 0.023958 0.121296
1 0.341927 0.407870 0.025521 0.117593
1 0.213542 0.242593 0.025000 0.083333
1 0.959896 0.321759 0.028125 0.112037
2 0.089323 0.428241 0.025521 0.125000
0 0.647135 0.810648 0.011979 0.025000
1 0.668750 0.841204 0.040625 0.193519
2 0.298698 0.066667 0.013021 0.048148
