1 0.778906 0.475463 0.011979 0.060185
1 0.852865 0.478241 0.010937 0.062037
1 0.695052 0.454630 0.011979 0.057407
1 0.841406 0.466667 0.010937 0.061111
1 0.818229 0.549537 0.010417 0.063889
1 0.981510 0.531944 0.023438 0.071296
1 0.761458 0.458796 0.010417 0.058333
1 0.879427 0.483796 0.011979 0.060185
1 0.333073 0.568056 0.022396 0.060185
1 0.925000 0.511574 0.017708 0.065741
2 0.887240 0.563426 0.016146 0.067593
0 0.306250 0.600000 0.005208 0.009259
1 0.649740 0.468519 0.015104 0.066667
1 0.911458 0.505556 0.010417 0.066667
1 0.745573 0.459259 0.010937 0.044444
2 0.956250 0.316204 0.008333 0.045370
1 0.740365 0.451389 0.009896 0.054630
1 0.664583 0.454167 0.014583 0.056481
