2 0.234115 0.204630 0.005729 0.031481
2 0.372656 0.402778 0.014063 0.079630
1 0.703646 0.816667 0.030208 0.144444
1 0.834115 0.397222 0.018229 0.077778
1 0.609115 0.275463 0.009896 0.049074
1 0.488802 0.374074 0.016146 0.074074
1 0.259896 0.287037 0.012500 0.050000
1 0.040885 0.396759 0.015104 0.069444
1 0.246875 0.547685 0.022917 0.115741
1 0.652604 0.469907 0.018750 0.089815
1 0.597917 0.523611 0.018750 0.099074
1 0.278385 0.291667 0.009896 0.051852
1 0.181510 0.293519 0.010937 0.048148
1 0.269010 0.355093 0.017188 0.065741
1 0.010937 0.378704 0.016667 0.064815
1 0.088021 0.691667 0.033333 0.090741
1 0.179167 0.519444 0.022917 0.094444
0 0.694271 0.809722 0.009375 0.019444
0 0.237500 0.667130 0.009375 0.015741
