1 0.006771 0.110648 0.013542 0.087963
1 0.082031 0.081481 0.018229 0.077778
1 0.154427 0.558796 0.029687 0.165741
1 0.291146 0.343519 0.034375 0.133333
1 0.303906 0.209259 0.021354 0.096296
1 0.485677 0.087963 0.021354 0.077778
1 0.436198 0.140278 0.017188 0.087963
1 0.739062 0.200463 0.025000 0.097222
1 0.463021 0.437963 0.033333 0.135185
1 0.518490 0.147685 0.019271 0.086111
1 0.565625 0.088889 0.017708 0.077778
1 0.515104 0.195833 0.019792 0.099074
1 0.467969 0.287500 0.033854 0.115741
1 0.123177 0.504630 0.032813 0.151852
1 0.467448 0.850463 0.049479 0.212037
1 0.900781 0.185185 0.027604 0.109259
2 0.310156 0.529630 0.040104 0.162963
0 0.532031 0.705093 0.008854 0.025000
1 0.537240 0.681019 0.045312 0.123148
