1 0.005208 0.104167 0.010417 0.087963
1 0.081250 0.074537 0.022917 0.076852
1 0.138281 0.550000 0.041146 0.162963
1 0.279687 0.344907 0.033333 0.132407
1 0.323437 0.192593 0.019792 0.092593
1 0.488021 0.082407 0.021875 0.075926
1 0.437240 0.135648 0.017188 0.087963
1 0.748698 0.203241 0.025521 0.100926
1 0.474740 0.549074 0.033854 0.157407
1 0.513021 0.159259 0.021875 0.098148
1 0.565104 0.081481 0.017708 0.077778
1 0.537500 0.189352 0.020833 0.099074
1 0.468490 0.276852 0.030729 0.112963
1 0.025260 0.487500 0.032813 0.154630
1 0.465104 0.846296 0.041667 0.216667
1 0.906510 0.181019 0.028646 0.110185
2 0.210156 0.493519 0.045312 0.157407
0 0.534115 0.702778 0.009896 0.024074
1 0.537500 0.677315 0.042708 0.126852
