1 0.467708 0.503241 0.020833 0.069444
1 0.447917 0.447222 0.011458 0.062963
1 0.423958 0.598611 0.022917 0.080556
1 0.380208 0.660648 0.016667 0.087963
2 0.238021 0.490741 0.013542 0.070370
1 0.486719 0.399537 0.013021 0.050926
1 0.365104 0.581944 0.013542 0.076852
1 0.314583 0.425926 0.014583 0.051852
1 0.281771 0.395833 0.015625 0.049074
0 0.395313 0.663426 0.021875 0.097222
1 0.496615 0.535648 0.014063 0.080556
1 0.183854 0.564815 0.017708 0.070370
1 0.156250 0.525926 0.020833 0.074074
0 0.360417 0.658333 0.027083 0.090741
1 0.431771 0.558796 0.017708 0.082407
1 0.095833 0.523611 0.017708 0.075000
1 0.120573 0.541667 0.015104 0.064815
1 0.165625 0.410185 0.008333 0.050000
2 0.138281 0.317130 0.006771 0.030556
1 0.146875 0.604630 0.018750 0.081481
1 0.086458 0.472222 0.011458 0.057407
2 0.707812 0.770370 0.027083 0.114815
1 0.214583 0.879630 0.029167 0.127778
0 0.245573 0.864815 0.025521 0.140741
0 0.911719 0.410648 0.003646 0.004630
1 0.944271 0.391667 0.008333 0.044444
1 0.066406 0.582870 0.021354 0.076852
1 0.008594 0.816204 0.017188 0.104630
