2 0.222135 0.206481 0.005729 0.031481
2 0.358854 0.400926 0.012500 0.079630
1 0.729167 0.816204 0.028125 0.139815
1 0.823177 0.397222 0.021354 0.075926
1 0.610417 0.279167 0.009375 0.049074
1 0.513281 0.388426 0.016146 0.078704
1 0.291146 0.284259 0.012500 0.050000
1 0.062240 0.381019 0.020313 0.065741
1 0.273438 0.564815 0.019792 0.120370
1 0.656771 0.504630 0.018750 0.096296
1 0.615365 0.456944 0.016146 0.084259
1 0.280208 0.289352 0.010417 0.050926
1 0.196615 0.287037 0.009896 0.048148
1 0.284115 0.346296 0.021354 0.062963
1 0.026302 0.372222 0.015104 0.064815
1 0.076042 0.698148 0.031250 0.088889
1 0.167187 0.518519 0.022917 0.098148
0 0.720573 0.804167 0.008854 0.019444
