0 0.561979 0.443056 0.006250 0.010185
1 0.248438 0.679167 0.043750 0.125000
2 0.380990 0.497222 0.022396 0.100000
1 0.148958 0.399074 0.016667 0.077778
1 0.717448 0.487963 0.032813 0.098148
1 0.693229 0.476389 0.034375 0.082407
1 0.858333 0.402315 0.021875 0.075000
1 0.939323 0.434722 0.032813 0.099074
1 0.888542 0.412037 0.021875 0.077778
1 0.987500 0.473611 0.023958 0.100926
1 0.661458 0.494444 0.037500 0.092593
1 0.198437 0.580556 0.034375 0.109259
1 0.100260 0.369907 0.017188 0.069444
1 0.809896 0.488426 0.029167 0.091667
1 0.607292 0.374074 0.023958 0.068519
1 0.778125 0.854167 0.062500 0.152778
