1 0.507031 0.801389 0.045312 0.126852
1 0.655208 0.622222 0.030208 0.105556
1 0.575521 0.552778 0.031250 0.090741
1 0.881771 0.570833 0.033333 0.113889
1 0.359115 0.656019 0.026562 0.102778
1 0.639583 0.619907 0.021875 0.093519
1 0.905990 0.896759 0.038021 0.145370
2 0.873698 0.637500 0.026562 0.108333
0 0.549740 0.504630 0.005729 0.009259
1 0.557552 0.480556 0.025521 0.079630
1 0.562500 0.497685 0.028125 0.091667
2 0.839063 0.343981 0.019792 0.080556
1 0.348958 0.606481 0.046875 0.092593
1 0.188542 0.564352 0.027083 0.089815
