1 0.173698 0.504630 0.022396 0.085185
1 0.055469 0.474537 0.028646 0.086111
1 0.184635 0.790278 0.030729 0.158333
1 0.784115 0.668981 0.035937 0.123148
2 0.105469 0.460648 0.027604 0.084259
1 0.213802 0.495370 0.027604 0.094444
1 0.356510 0.571759 0.033854 0.112037
1 0.402604 0.415278 0.013542 0.058333
1 0.551562 0.458796 0.017708 0.084259
1 0.624479 0.501389 0.020833 0.084259
1 0.396875 0.473611 0.019792 0.095370
1 0.638281 0.552315 0.028646 0.087963
0 0.783333 0.679630 0.003125 0.005556
1 0.474740 0.513426 0.027604 0.095370
1 0.705990 0.354167 0.017188 0.063889
