0 0.674219 0.479630 0.006771 0.012963
2 0.134896 0.656019 0.043750 0.141667
1 0.219271 0.562963 0.038542 0.135185
1 0.062760 0.558333 0.039062 0.138889
1 0.455469 0.530093 0.028646 0.119444
1 0.445312 0.595833 0.033333 0.143519
1 0.053646 0.541667 0.026042 0.116667
1 0.615885 0.459259 0.022396 0.100000
1 0.267708 0.563426 0.034375 0.125000
1 0.095052 0.572222 0.026562 0.135185
1 0.279948 0.632407 0.031771 0.140741
1 0.113802 0.619907 0.038021 0.139815
1 0.046354 0.583796 0.037500 0.136111
1 0.178906 0.545833 0.023438 0.132407
1 0.254167 0.544444 0.021875 0.124074
1 0.242448 0.525000 0.028646 0.112963
1 0.648177 0.670833 0.031771 0.154630
1 0.623437 0.514352 0.025000 0.112037
1 0.672656 0.448611 0.029687 0.097222
2 0.802083 0.399074 0.023958 0.088889
