0 0.558594 0.450926 0.006771 0.011111
1 0.241146 0.676852 0.044792 0.125926
2 0.369531 0.488426 0.021354 0.097222
1 0.131510 0.395833 0.020313 0.080556
1 0.704427 0.479167 0.034896 0.099074
1 0.674479 0.475000 0.032292 0.085185
1 0.845573 0.394907 0.023438 0.073148
1 0.918750 0.430093 0.030208 0.097222
1 0.867188 0.405093 0.022917 0.078704
1 0.966406 0.465741 0.028646 0.098148
1 0.646875 0.489352 0.038542 0.087963
1 0.190625 0.581481 0.030208 0.109259
1 0.079948 0.368056 0.018229 0.069444
1 0.790365 0.480556 0.029687 0.092593
1 0.596354 0.368981 0.023958 0.067593
1 0.785156 0.834722 0.064062 0.156481
