1 0.784635 0.518519 0.027604 0.081481
1 0.750000 0.448148 0.012500 0.068519
1 0.515104 0.709259 0.028125 0.107407
2 0.377344 0.448148 0.016146 0.068519
1 0.762760 0.435648 0.014063 0.071296
1 0.614062 0.618519 0.023958 0.096296
1 0.512240 0.421296 0.013021 0.059259
1 0.525781 0.371759 0.010937 0.054630
1 0.696094 0.600000 0.030729 0.101852
1 0.349479 0.653704 0.028125 0.083333
1 0.259635 0.513426 0.023438 0.076852
1 0.571094 0.524537 0.020313 0.080556
1 0.045833 0.546296 0.018750 0.081481
1 0.247396 0.513426 0.019792 0.073148
1 0.302604 0.384722 0.019792 0.052778
2 0.313802 0.262037 0.013021 0.033333
1 0.256771 0.635648 0.021875 0.113889
1 0.147396 0.431481 0.022917 0.059259
1 0.668490 0.375000 0.014063 0.055556
0 0.355990 0.394444 0.008854 0.016667
1 0.052344 0.580093 0.028646 0.082407
1 0.259896 0.639352 0.031250 0.108333
1 0.012240 0.664352 0.024479 0.084259
