1 0.360417 0.368056 0.013542 0.071296
1 0.180208 0.468981 0.021875 0.073148
0 0.583594 0.393056 0.008854 0.012037
1 0.330208 0.480093 0.022917 0.075000
1 0.426042 0.471296 0.018750 0.085185
2 0.231510 0.543519 0.017188 0.087037
1 0.669531 0.688426 0.028646 0.093519
1 0.788802 0.584259 0.023438 0.100000
1 0.638542 0.584722 0.022917 0.095370
1 0.693750 0.614815 0.027083 0.101852
1 0.398177 0.399537 0.019271 0.069444
1 0.619271 0.611574 0.026042 0.102778
1 0.625260 0.723611 0.035937 0.115741
1 0.445833 0.540278 0.021875 0.084259
1 0.579427 0.541667 0.020313 0.090741
1 0.655469 0.580556 0.022396 0.090741
