1 0.475781 0.501852 0.021354 0.070370
1 0.450000 0.441204 0.011458 0.060185
1 0.434115 0.595370 0.022396 0.079630
1 0.378646 0.664815 0.015625 0.085185
2 0.245052 0.486111 0.013021 0.072222
1 0.492969 0.396296 0.013021 0.051852
1 0.372135 0.576852 0.015104 0.079630
1 0.321875 0.422222 0.014583 0.051852
1 0.289062 0.391204 0.015625 0.049074
0 0.393750 0.664815 0.022917 0.096296
1 0.502865 0.532870 0.014063 0.080556
1 0.189062 0.560648 0.018750 0.069444
1 0.164844 0.521296 0.020313 0.074074
0 0.360938 0.660185 0.027083 0.090741
1 0.432812 0.558796 0.018750 0.082407
1 0.098437 0.518519 0.014583 0.075926
1 0.125521 0.539815 0.015625 0.066667
1 0.172656 0.404167 0.008854 0.049074
2 0.144271 0.312500 0.007292 0.030556
1 0.147656 0.600926 0.019271 0.081481
1 0.090885 0.468981 0.013021 0.058333
2 0.713542 0.765741 0.027083 0.114815
1 0.222396 0.875000 0.027083 0.125926
0 0.251823 0.856944 0.025521 0.141667
0 0.919531 0.408333 0.003646 0.005556
1 0.951562 0.389352 0.009375 0.045370
1 0.084375 0.575926 0.023958 0.077778
1 0.012500 0.802315 0.023958 0.119444
