1 0.318750 0.335648 0.017708 0.071296
1 0.170833 0.449537 0.026042 0.073148
0 0.621094 0.369444 0.005729 0.009259
1 0.315885 0.470833 0.029687 0.080556
1 0.454948 0.439352 0.018229 0.076852
2 0.144271 0.518981 0.013542 0.089815
1 0.500521 0.665741 0.019792 0.098148
1 0.659115 0.546759 0.023438 0.097222
1 0.552604 0.557407 0.018750 0.100000
1 0.634115 0.590278 0.017188 0.104630
1 0.316927 0.388889 0.020313 0.079630
1 0.461719 0.577778 0.022396 0.092593
1 0.484375 0.643519 0.025000 0.107407
1 0.396875 0.541667 0.017708 0.088889
1 0.539844 0.533333 0.018229 0.090741
1 0.567187 0.568519 0.021875 0.092593
