1 0.492708 0.556481 0.012500 0.074074
1 0.453906 0.455093 0.013021 0.058333
1 0.457031 0.635648 0.016146 0.084259
1 0.262500 0.838889 0.022917 0.088889
2 0.213802 0.485185 0.015104 0.061111
1 0.505729 0.424074 0.011458 0.051852
1 0.382292 0.605556 0.017708 0.077778
1 0.339062 0.443519 0.014583 0.051852
1 0.305469 0.412037 0.016146 0.048148
0 0.283073 0.825463 0.029687 0.123148
1 0.513802 0.578704 0.017188 0.079630
1 0.167708 0.600000 0.017708 0.072222
1 0.172135 0.547685 0.023438 0.075000
0 0.220573 0.838426 0.027604 0.102778
1 0.444271 0.615741 0.019792 0.081481
1 0.108854 0.539352 0.014583 0.076852
1 0.133073 0.561111 0.015104 0.070370
1 0.167969 0.433333 0.013021 0.048148
2 0.159375 0.335648 0.008333 0.030556
1 0.128906 0.633796 0.024479 0.080556
1 0.103906 0.486111 0.011979 0.051852
2 0.721875 0.795370 0.026042 0.111111
1 0.236719 0.893056 0.031771 0.126852
0 0.272917 0.881481 0.028125 0.142593
0 0.937240 0.435648 0.003646 0.004630
1 0.988281 0.412500 0.010937 0.043519
1 0.155469 0.596296 0.015104 0.077778
1 0.030990 0.821759 0.024479 0.112037
1 0.011198 0.708796 0.022396 0.087963
