1 0.677083 0.566204 0.030208 0.086111
0 0.543490 0.213426 0.007812 0.012037
1 0.056510 0.458796 0.022396 0.071296
2 0.079687 0.528241 0.035417 0.095370
1 0.669792 0.671296 0.039583 0.111111
1 0.234635 0.594907 0.036979 0.115741
1 0.615885 0.557407 0.036979 0.096296
1 0.011458 0.638426 0.021875 0.119444
1 0.318229 0.550463 0.038542 0.097222
1 0.650521 0.572222 0.053125 0.096296
1 0.498177 0.673148 0.034896 0.098148
1 0.065885 0.436111 0.022396 0.074074
1 0.516667 0.529167 0.029167 0.097222
1 0.091927 0.862037 0.071354 0.151852
1 0.765365 0.550463 0.038021 0.104630
