1 0.081771 0.224074 0.025000 0.085185
1 0.144010 0.186574 0.019271 0.075000
1 0.200521 0.576852 0.031250 0.151852
1 0.362760 0.438426 0.028646 0.128704
1 0.535417 0.398148 0.050000 0.109259
1 0.523698 0.191667 0.019271 0.074074
1 0.428125 0.262500 0.019792 0.086111
1 0.894792 0.447685 0.035417 0.123148
1 0.094271 0.227315 0.018750 0.089815
1 0.448177 0.219444 0.015104 0.083333
1 0.691927 0.214352 0.022396 0.080556
1 0.731510 0.432870 0.029687 0.125000
1 0.430990 0.439815 0.023438 0.122222
1 0.330990 0.256019 0.018229 0.086111
1 0.965365 0.310648 0.027604 0.110185
2 0.099740 0.442593 0.022396 0.127778
0 0.642969 0.825463 0.011979 0.025000
1 0.661719 0.844444 0.035937 0.198148
2 0.314063 0.071759 0.013542 0.047222
1 0.039323 0.262037 0.040104 0.098148
