1 0.059375 0.116204 0.020833 0.065741
1 0.118750 0.082407 0.016667 0.072222
1 0.222656 0.555093 0.041146 0.125000
1 0.367969 0.381019 0.032813 0.089815
1 0.360156 0.239815 0.021354 0.098148
1 0.495312 0.087963 0.021875 0.072222
1 0.449479 0.139815 0.015625 0.083333
1 0.745052 0.186111 0.022396 0.092593
1 0.098437 0.113889 0.023958 0.088889
1 0.399219 0.121759 0.021354 0.080556
1 0.521094 0.137963 0.017188 0.083333
1 0.613281 0.081944 0.019271 0.075000
1 0.504948 0.199537 0.020313 0.087963
1 0.514323 0.399074 0.028646 0.131481
1 0.492708 0.630093 0.061458 0.095370
1 0.464583 0.825463 0.047917 0.210185
1 0.863542 0.175463 0.021875 0.100926
2 0.504167 0.538889 0.030208 0.131481
0 0.913281 0.750463 0.017188 0.026852
1 0.955208 0.688889 0.059375 0.179630
