0 0.842969 0.517130 0.007812 0.013889
2 0.091667 0.686111 0.033333 0.151852
1 0.046875 0.567130 0.033333 0.128704
1 0.386719 0.472222 0.032813 0.107407
1 0.479687 0.440741 0.018750 0.094444
1 0.044010 0.572685 0.031771 0.123148
1 0.237240 0.585185 0.042188 0.125926
1 0.021875 0.631481 0.032292 0.140741
1 0.057813 0.547222 0.018750 0.125926
1 0.317969 0.496759 0.021354 0.110185
1 0.645573 0.587500 0.026562 0.136111
1 0.673177 0.450000 0.025521 0.074074
1 0.487500 0.433796 0.012500 0.086111
2 0.575521 0.404167 0.028125 0.087963
1 0.855208 0.500926 0.028125 0.098148
1 0.974740 0.704167 0.035937 0.158333
