1 0.489323 0.502315 0.014063 0.071296
1 0.440365 0.418056 0.010937 0.060185
1 0.449219 0.585185 0.020313 0.085185
1 0.315625 0.723611 0.021875 0.097222
2 0.234115 0.460648 0.018229 0.063889
1 0.507812 0.380556 0.013542 0.051852
1 0.385937 0.562037 0.015625 0.081481
1 0.337500 0.408333 0.011458 0.051852
1 0.303646 0.375926 0.015625 0.048148
0 0.332813 0.724537 0.028125 0.106481
1 0.515365 0.536111 0.017188 0.079630
1 0.164844 0.558796 0.017188 0.075000
1 0.171615 0.509722 0.021354 0.075000
0 0.295833 0.715741 0.025000 0.100000
1 0.442708 0.579630 0.017708 0.081481
1 0.110417 0.505093 0.014583 0.076852
1 0.132031 0.521759 0.014063 0.069444
1 0.183333 0.390278 0.012500 0.047222
2 0.156510 0.297685 0.007812 0.030556
1 0.128646 0.594907 0.022917 0.082407
1 0.102344 0.447222 0.011979 0.055556
2 0.719271 0.760185 0.029167 0.112963
1 0.235417 0.855556 0.035417 0.125926
0 0.269010 0.840278 0.029687 0.141667
0 0.935677 0.395833 0.003646 0.004630
1 0.977604 0.375000 0.010417 0.044444
1 0.154427 0.555556 0.014063 0.079630
1 0.030990 0.778241 0.021354 0.123148
1 0.011198 0.670370 0.022396 0.088889
