1 0.694531 0.660648 0.023438 0.104630
1 0.779167 0.596296 0.017708 0.105556
1 0.721615 0.529167 0.020313 0.091667
1 0.727083 0.491204 0.019792 0.071296
1 0.852865 0.651852 0.023438 0.087037
1 0.531250 0.568519 0.021875 0.098148
1 0.933073 0.659722 0.028646 0.108333
1 0.561719 0.587500 0.022396 0.087963
1 0.860677 0.705556 0.026562 0.114815
1 0.879427 0.520833 0.026562 0.097222
1 0.806510 0.486574 0.022396 0.091667
2 0.968490 0.308333 0.025521 0.074074
1 0.659115 0.576389 0.025521 0.095370
1 0.458854 0.564352 0.018750 0.095370
