1 0.005990 0.106019 0.011979 0.087963
1 0.081510 0.077778 0.019271 0.077778
1 0.147135 0.552315 0.034896 0.171296
1 0.290625 0.342593 0.034375 0.135185
1 0.309635 0.202778 0.027604 0.096296
1 0.486458 0.084259 0.021875 0.075926
1 0.436198 0.137500 0.017188 0.087963
1 0.742448 0.199537 0.025521 0.099074
1 0.470052 0.475926 0.032813 0.138889
1 0.517188 0.151852 0.022917 0.094444
1 0.565104 0.084722 0.017708 0.075000
1 0.524740 0.193519 0.025521 0.100000
1 0.467187 0.282407 0.020833 0.112963
1 0.088021 0.494907 0.032292 0.149074
1 0.465625 0.849074 0.041667 0.216667
1 0.904427 0.183333 0.027604 0.109259
2 0.271354 0.518519 0.046875 0.162963
0 0.533073 0.704630 0.009896 0.024074
1 0.538542 0.680093 0.044792 0.125000
