1 0.394271 0.312963 0.017708 0.066667
1 0.426823 0.399074 0.015104 0.066667
0 0.360938 0.350000 0.005208 0.009259
1 0.273698 0.393056 0.017188 0.073148
1 0.290104 0.562037 0.016667 0.090741
1 0.167969 0.351852 0.014063 0.066667
2 0.185677 0.485648 0.016146 0.082407
1 0.161458 0.569444 0.025000 0.087037
1 0.251042 0.704167 0.023958 0.099074
1 0.166667 0.752315 0.019792 0.110185
1 0.758333 0.539815 0.016667 0.096296
1 0.733594 0.543056 0.018229 0.099074
1 0.741406 0.541667 0.014063 0.098148
1 0.669531 0.512037 0.021354 0.088889
1 0.653906 0.507407 0.010937 0.085185
1 0.646094 0.508333 0.010937 0.081481
1 0.654948 0.643981 0.022396 0.104630
1 0.666927 0.635648 0.020313 0.091667
1 0.608073 0.633796 0.023438 0.089815
1 0.623437 0.630093 0.017708 0.095370
1 0.636979 0.612500 0.018750 0.099074
1 0.644792 0.606944 0.018750 0.097222
