1 0.282552 0.470370 0.053646 0.116667
1 0.749479 0.395370 0.032292 0.125926
1 0.752344 0.458333 0.032813 0.129630
1 0.155990 0.500926 0.049479 0.111111
1 0.633333 0.483333 0.045833 0.137037
1 0.601823 0.432870 0.042188 0.136111
1 0.992708 0.518981 0.013542 0.143519
1 0.638021 0.404167 0.031250 0.123148
1 0.230729 0.510185 0.033333 0.125926
2 0.531771 0.587500 0.072917 0.145370
0 0.226823 0.508796 0.008854 0.017593
1 0.292708 0.458333 0.055208 0.118519
1 0.433333 0.532870 0.045833 0.145370
1 0.418750 0.422685 0.050000 0.091667
