1 0.328125 0.530556 0.041667 0.112963
1 0.487760 0.369907 0.040104 0.078704
1 0.984635 0.483333 0.029687 0.120370
1 0.749219 0.550926 0.047396 0.059259
1 0.569792 0.414815 0.033333 0.081481
1 0.519792 0.731944 0.060417 0.145370
1 0.813021 0.497685 0.048958 0.115741
1 0.914844 0.409259 0.038021 0.085185
1 0.903125 0.449537 0.037500 0.104630
1 0.763802 0.474537 0.055729 0.102778
1 0.919271 0.488889 0.050000 0.118519
1 0.636719 0.424537 0.035937 0.095370
1 0.347917 0.528241 0.045833 0.112037
2 0.833333 0.470833 0.063542 0.097222
0 0.532552 0.449537 0.008854 0.015741
1 0.355208 0.425000 0.043750 0.083333
2 0.488281 0.285648 0.031771 0.062037
1 0.597135 0.714815 0.070312 0.140741
