1 0.158854 0.446759 0.031250 0.134259
1 0.181250 0.454630 0.020833 0.131481
1 0.525521 0.491667 0.027083 0.148148
1 0.003906 0.525000 0.007812 0.122222
1 0.093750 0.743519 0.056250 0.207407
1 0.445052 0.863889 0.047396 0.216667
2 0.159896 0.433796 0.026042 0.143519
1 0.209896 0.572685 0.042708 0.167593
1 0.532813 0.543981 0.028125 0.165741
1 0.436979 0.463426 0.021875 0.141667
1 0.490625 0.556944 0.032292 0.167593
1 0.026302 0.568056 0.052604 0.167593
1 0.461458 0.506944 0.035417 0.171296
1 0.565625 0.702315 0.034375 0.186111
0 0.705208 0.486574 0.009375 0.013889
1 0.563281 0.557870 0.026562 0.173148
1 0.571875 0.427315 0.031250 0.137963
0 0.529687 0.351389 0.008333 0.015741
