2 0.230469 0.207407 0.005729 0.031481
2 0.366146 0.402315 0.012500 0.080556
1 0.708854 0.815278 0.030208 0.147222
1 0.830990 0.400000 0.023438 0.075926
1 0.604688 0.278704 0.011458 0.050000
1 0.495833 0.381019 0.015625 0.076852
1 0.269792 0.288426 0.009375 0.050926
1 0.045312 0.392593 0.014583 0.066667
1 0.256771 0.555093 0.022917 0.117593
1 0.651302 0.480556 0.018229 0.092593
1 0.603385 0.504167 0.018229 0.097222
1 0.275000 0.292593 0.010417 0.051852
1 0.186458 0.293519 0.012500 0.048148
1 0.273698 0.353704 0.017188 0.064815
1 0.015365 0.379630 0.017188 0.062963
1 0.085417 0.695833 0.035417 0.086111
1 0.175781 0.521296 0.023438 0.092593
0 0.704167 0.808333 0.009375 0.018519
0 0.173437 0.710648 0.010417 0.017593
