2 0.234115 0.204630 0.005729 0.031481
2 0.373177 0.403241 0.014063 0.080556
1 0.703125 0.816667 0.030208 0.144444
1 0.834375 0.397222 0.017708 0.077778
1 0.609115 0.274537 0.009896 0.049074
1 0.488281 0.374074 0.017188 0.074074
1 0.258854 0.287037 0.013542 0.050000
1 0.040365 0.398148 0.015104 0.070370
1 0.246354 0.547685 0.022917 0.115741
1 0.652083 0.468981 0.018750 0.089815
1 0.597656 0.526389 0.019271 0.100926
1 0.278385 0.291667 0.009896 0.051852
1 0.180729 0.293981 0.011458 0.049074
1 0.268750 0.355093 0.017708 0.065741
1 0.010417 0.378704 0.017708 0.064815
1 0.087760 0.691204 0.032813 0.091667
1 0.179167 0.518519 0.022917 0.094444
0 0.693750 0.809722 0.009375 0.019444
0 0.241667 0.664352 0.009375 0.015741
