1 0.415365 0.318981 0.019271 0.047222
1 0.386979 0.397685 0.017708 0.071296
0 0.416927 0.321759 0.008854 0.012037
1 0.356771 0.462500 0.015625 0.080556
1 0.003385 0.514815 0.006771 0.083333
1 0.380729 0.360648 0.012500 0.063889
2 0.223698 0.471759 0.013021 0.080556
1 0.400521 0.604167 0.021875 0.086111
1 0.096094 0.706019 0.022396 0.104630
1 0.697396 0.519444 0.018750 0.090741
1 0.563021 0.564815 0.020833 0.101852
1 0.654948 0.538426 0.021354 0.093519
1 0.343750 0.393519 0.021875 0.038889
1 0.236458 0.540278 0.031250 0.091667
1 0.380729 0.506019 0.020833 0.080556
1 0.438802 0.540741 0.020313 0.092593
1 0.501302 0.525000 0.017188 0.083333
1 0.631771 0.524537 0.015625 0.087963
1 0.516927 0.519907 0.020313 0.080556
