1 0.765104 0.727315 0.043750 0.087963
2 0.954427 0.614815 0.020313 0.096296
1 0.994531 0.664352 0.009896 0.058333
1 0.809635 0.425463 0.021354 0.080556
1 0.561458 0.515278 0.015625 0.080556
1 0.209635 0.713889 0.033854 0.100000
1 0.867969 0.485648 0.026562 0.078704
1 0.700000 0.426852 0.020833 0.077778
1 0.584115 0.540741 0.017188 0.072222
1 0.780729 0.627315 0.028125 0.087963
1 0.969010 0.531944 0.032813 0.076852
1 0.239063 0.438426 0.014583 0.082407
0 0.234375 0.656481 0.007292 0.012963
2 0.821875 0.218519 0.009375 0.053704
