1 0.189583 0.443056 0.023958 0.086111
1 0.063281 0.441204 0.035937 0.091667
1 0.185417 0.701389 0.033333 0.162037
1 0.853646 0.609259 0.031250 0.127778
2 0.115365 0.452315 0.030729 0.082407
1 0.227604 0.468981 0.026042 0.099074
1 0.498698 0.612963 0.053646 0.125926
1 0.280208 0.425463 0.027083 0.086111
1 0.419271 0.426852 0.025000 0.087037
1 0.440365 0.452778 0.026562 0.075926
1 0.260937 0.421296 0.015625 0.098148
1 0.783594 0.578704 0.036979 0.105556
0 0.497396 0.650463 0.007292 0.015741
1 0.516667 0.505093 0.036458 0.089815
1 0.570573 0.381019 0.020313 0.069444
