2 0.377604 0.171296 0.013542 0.029630
2 0.256250 0.334259 0.021875 0.072222
1 0.416406 0.789815 0.049479 0.144444
1 0.743750 0.485185 0.039583 0.105556
1 0.953125 0.304167 0.019792 0.060185
1 0.708073 0.218056 0.011979 0.045370
1 0.687500 0.292130 0.018750 0.067593
1 0.375521 0.220833 0.013542 0.049074
1 0.155990 0.442130 0.034896 0.082407
1 0.540625 0.455093 0.023958 0.108333
1 0.823438 0.375000 0.021875 0.079630
1 0.505990 0.242130 0.018229 0.050926
1 0.320312 0.241667 0.016667 0.048148
1 0.402083 0.302778 0.020833 0.062963
1 0.201563 0.281019 0.007292 0.050926
1 0.341406 0.531481 0.036979 0.112963
1 0.637500 0.429167 0.022917 0.093519
0 0.436719 0.527315 0.011979 0.013889
1 0.201823 0.285185 0.019271 0.066667
1 0.244531 0.402315 0.029687 0.069444
1 0.127344 0.355093 0.031771 0.073148
