1 0.371094 0.408796 0.015104 0.065741
1 0.397135 0.412500 0.019271 0.062037
1 0.670052 0.434722 0.013021 0.062037
1 0.202865 0.520833 0.028646 0.087963
1 0.053646 0.487037 0.029167 0.092593
1 0.207552 0.456481 0.022396 0.070370
1 0.440365 0.572222 0.031771 0.118519
1 0.366667 0.667130 0.031250 0.115741
2 0.435677 0.402778 0.017188 0.057407
1 0.419531 0.465278 0.023438 0.078704
1 0.600000 0.470370 0.031250 0.081481
1 0.620313 0.411111 0.011458 0.064815
1 0.577344 0.437963 0.011979 0.070370
1 0.370833 0.442593 0.013542 0.070370
1 0.598437 0.420833 0.021875 0.075000
1 0.602865 0.546759 0.017188 0.089815
0 0.772396 0.430093 0.004167 0.008333
1 0.816406 0.498148 0.024479 0.087037
1 0.641406 0.397222 0.013021 0.064815
0 0.625781 0.426389 0.002604 0.008333
