0 0.678385 0.475463 0.006771 0.010185
1 0.120052 0.654167 0.035937 0.125000
2 0.377865 0.597222 0.029687 0.125926
1 0.442188 0.415741 0.023958 0.075926
1 0.768490 0.574537 0.041146 0.121296
1 0.727865 0.478241 0.027604 0.099074
1 0.886719 0.552778 0.031771 0.116667
1 0.558594 0.488426 0.030729 0.084259
1 0.492188 0.375926 0.020833 0.072222
1 0.799740 0.422685 0.028646 0.078704
1 0.156510 0.850000 0.051562 0.170370
2 0.540104 0.349537 0.021875 0.054630
1 0.426042 0.467593 0.034375 0.085185
1 0.204427 0.548611 0.024479 0.100926
1 0.071615 0.579630 0.027604 0.116667
