1 0.725781 0.720370 0.023438 0.129630
0 0.763021 0.740741 0.009375 0.016667
2 0.875260 0.543981 0.038021 0.095370
1 0.720052 0.506481 0.021354 0.085185
1 0.269531 0.482407 0.030729 0.077778
2 0.967708 0.402315 0.012500 0.062037
1 0.878125 0.470833 0.016667 0.080556
1 0.745833 0.541667 0.021875 0.090741
1 0.758854 0.491667 0.014583 0.085185
1 0.698698 0.501389 0.023438 0.086111
1 0.496875 0.545833 0.018750 0.093519
1 0.871094 0.455556 0.016146 0.074074
1 0.544271 0.609259 0.020833 0.114815
1 0.598437 0.564352 0.025000 0.097222
1 0.649219 0.532870 0.025521 0.099074
1 0.666146 0.530093 0.023958 0.086111
1 0.705990 0.487500 0.019271 0.084259
1 0.630208 0.550463 0.020833 0.089815
1 0.819010 0.481481 0.018229 0.083333
1 0.824479 0.464815 0.021875 0.081481
1 0.722396 0.504630 0.025000 0.083333
1 0.695573 0.501389 0.021354 0.080556
