2 0.235417 0.189815 0.006250 0.031481
2 0.360156 0.408333 0.014063 0.087037
1 0.728385 0.826389 0.027604 0.154630
1 0.830990 0.368981 0.016146 0.073148
1 0.626563 0.257407 0.012500 0.048148
1 0.507031 0.387963 0.015104 0.081481
1 0.138542 0.293519 0.012500 0.059259
1 0.000781 0.466667 0.001563 0.003704
1 0.295573 0.556944 0.021354 0.119444
1 0.669531 0.368519 0.016146 0.070370
1 0.248438 0.283796 0.011458 0.054630
1 0.079687 0.311111 0.012500 0.057407
1 0.205990 0.351852 0.014063 0.066667
1 0.431250 0.569444 0.022917 0.124074
0 0.715885 0.809722 0.005729 0.013889
1 0.025260 0.330556 0.015104 0.062963
1 0.283073 0.493519 0.019271 0.085185
