1 0.193750 0.513426 0.021875 0.082407
1 0.076302 0.481481 0.030729 0.087037
1 0.197396 0.794907 0.040625 0.158333
1 0.763021 0.669907 0.036458 0.123148
2 0.122135 0.461574 0.029687 0.082407
1 0.237760 0.495833 0.028646 0.089815
1 0.347656 0.555093 0.030729 0.102778
1 0.418750 0.418981 0.021875 0.075000
1 0.580990 0.464352 0.021354 0.078704
1 0.661198 0.510185 0.021354 0.081481
1 0.420312 0.482407 0.018750 0.094444
1 0.619010 0.539815 0.034896 0.083333
0 0.778385 0.678704 0.008854 0.014815
1 0.471354 0.519907 0.031250 0.097222
1 0.735938 0.353241 0.016667 0.060185
