2 0.234896 0.189352 0.006250 0.032407
2 0.407552 0.458796 0.019271 0.097222
1 0.727083 0.837037 0.034375 0.148148
1 0.850000 0.397685 0.018750 0.047222
1 0.612760 0.258333 0.008854 0.048148
1 0.404167 0.401389 0.019792 0.076852
1 0.137240 0.294907 0.011979 0.054630
1 0.342448 0.539815 0.021354 0.116667
1 0.629167 0.376389 0.015625 0.075000
1 0.527083 0.787500 0.039583 0.154630
1 0.216146 0.287963 0.011458 0.053704
1 0.083333 0.311111 0.011458 0.055556
1 0.205990 0.364815 0.019271 0.068519
1 0.475000 0.736111 0.022917 0.101852
0 0.714063 0.830093 0.010417 0.021296
0 0.595833 0.799537 0.010417 0.017593
0 0.497135 0.774074 0.026562 0.170370
1 0.005990 0.334259 0.011979 0.062963
1 0.476562 0.810185 0.028125 0.146296
