1 0.039583 0.120370 0.017708 0.083333
1 0.113021 0.092593 0.018750 0.072222
1 0.217708 0.570370 0.043750 0.120370
1 0.360677 0.370833 0.025521 0.126852
1 0.324479 0.248611 0.019792 0.071296
1 0.490365 0.097685 0.021354 0.073148
1 0.442969 0.148148 0.020313 0.083333
1 0.729688 0.203241 0.019792 0.091667
1 0.054427 0.123148 0.022396 0.087037
1 0.399479 0.180093 0.020833 0.084259
1 0.518750 0.147685 0.018750 0.086111
1 0.566146 0.095833 0.012500 0.076852
1 0.495833 0.219444 0.026042 0.062963
1 0.483854 0.392593 0.026042 0.129630
1 0.470313 0.591667 0.040625 0.138889
1 0.457031 0.834259 0.047396 0.207407
1 0.873437 0.192130 0.028125 0.100926
2 0.519010 0.573611 0.038021 0.158333
0 0.703646 0.748148 0.014583 0.027778
1 0.717969 0.690741 0.042188 0.172222
