2 0.219531 0.181944 0.007812 0.032407
2 0.354948 0.375926 0.013021 0.079630
1 0.732552 0.789815 0.029687 0.142593
1 0.818490 0.371759 0.013021 0.078704
1 0.633073 0.261574 0.011979 0.049074
1 0.546875 0.382407 0.015625 0.083333
1 0.327865 0.259259 0.011979 0.051852
1 0.107552 0.343519 0.018229 0.064815
1 0.284896 0.571759 0.031250 0.128704
1 0.697396 0.517130 0.021875 0.102778
1 0.640104 0.368056 0.014583 0.071296
1 0.311458 0.260648 0.008333 0.050926
1 0.220833 0.255556 0.009375 0.046296
1 0.305208 0.306481 0.015625 0.061111
1 0.035156 0.344907 0.013021 0.065741
1 0.080729 0.679167 0.038542 0.082407
1 0.163542 0.506944 0.023958 0.076852
