1 0.289323 0.568519 0.039062 0.125926
1 0.861979 0.488889 0.030208 0.116667
1 0.283854 0.395370 0.037500 0.100000
1 0.861458 0.445833 0.042708 0.110185
1 0.880469 0.424537 0.030729 0.110185
1 0.996615 0.428241 0.005729 0.010185
1 0.452604 0.487037 0.047917 0.111111
1 0.528906 0.526852 0.044271 0.064815
1 0.759115 0.668981 0.049479 0.154630
1 0.630729 0.523148 0.045833 0.081481
1 0.813281 0.404167 0.035937 0.102778
1 0.838021 0.420370 0.033333 0.107407
1 0.917448 0.397685 0.030729 0.099074
1 0.428646 0.477315 0.035417 0.117593
1 0.855208 0.439352 0.047917 0.104630
1 0.680208 0.430556 0.036458 0.105556
1 0.834635 0.558796 0.055729 0.119444
2 0.497135 0.412037 0.029687 0.098148
0 0.469531 0.537500 0.009896 0.019444
1 0.077604 0.476852 0.033333 0.116667
2 0.071615 0.281944 0.024479 0.071296
