1 0.238021 0.459722 0.040625 0.108333
1 0.873958 0.384722 0.032292 0.121296
1 0.798958 0.449074 0.035417 0.127778
1 0.135677 0.469907 0.043229 0.125000
1 0.546615 0.440741 0.036979 0.129630
1 0.958073 0.504167 0.052604 0.152778
1 0.572135 0.400926 0.033854 0.135185
1 0.944531 0.451852 0.034896 0.140741
1 0.730729 0.378704 0.029167 0.112963
1 0.258594 0.468981 0.040104 0.112037
2 0.335417 0.573611 0.050000 0.160185
0 0.202865 0.499537 0.013021 0.019444
1 0.260417 0.462500 0.041667 0.110185
1 0.437500 0.512963 0.044792 0.142593
1 0.513021 0.395833 0.051042 0.097222
