1 0.040268246332804354 0.425097147623698 0.021806061267852783 0.07476391262478299
1 0.9075848897298177 0.528769373010706 0.037145805358886716 0.06832377115885417
1 0.30631879170735676 0.2346486550790292 0.022419770558675126 0.06232065271448207
1 0.20009533564249676 0.44099999886971936 0.02160776456197103 0.0769662927698206
1 0.31595172882080075 0.5284656665943287 0.024047056833903 0.08615129258897569
1 0.04145975907643637 0.2570522732204861 0.020053386688232422 0.06552725897894965
1 0.44650115966796877 0.46400242558232063 0.026687018076578774 0.07418673479998553
1 0.31658751169840493 0.38925614533600983 0.021039422353108725 0.06623518202039931
1 0.9626479466756186 0.5349359582971643 0.02521934509277344 0.07337064389829283
1 0.12766246795654296 0.3351771884494357 0.023560142517089842 0.07013911494502315
1 0.33464749654134107 0.05508248364483869 0.01573317845662435 0.05224873224894206
1 0.07839468320210774 0.4797380235460069 0.019624177614847818 0.07488392017505786
1 0.3543265024820964 0.7734412864402489 0.03229255676269531 0.10107568811487269
1 0.41457182566324874 0.43666319670500586 0.02324511210123698 0.06712038958514178
1 0.14401071866353352 0.5485079164858218 0.02142730553944906 0.07993610523365162
2 0.260831610361735 0.37787549054181135 0.025515874226888016 0.07047195434570312
1 0.5656304677327474 0.2915770919234664 0.02297274271647136 0.06454334965458623
1 0.16106672286987306 0.5284135606553819 0.020694526036580407 0.070781170880353
1 0.1568783442179362 0.5737663551613137 0.023464377721150717 0.08232173213252315
1 0.26672436396280924 0.3299721329300492 0.017371495564778645 0.050032099971064815
1 0.5659918467203776 0.3437318589952257 0.020953051249186196 0.07344326443142361
0 0.45650621864420515 0.4373143042252661 0.008591364218428623 0.011455152291238092
2 0.926493710691824 0.18099231306778477 0.019654088050314586 0.06568832983927325
