1 0.47625255584716797 0.32840061894169564 0.02035245895385742 0.07340932775426794
1 0.6210049311319986 0.32690904405381943 0.017812093098958332 0.06340659812644676
1 0.5525185902913412 0.3086872242115162 0.01490656534830729 0.05604847095630787
1 0.398519484202067 0.3224251641167535 0.016481335957845053 0.06235032258210358
2 0.5741303761800131 0.3074863009982639 0.017181523640950522 0.050282598424840855
1 0.353058369954427 0.3209942287868924 0.012325700124104817 0.04748690569842303
1 0.45466200510660804 0.31136796739366324 0.014729181925455727 0.05117515281394676
1 0.5251718820933217 0.3333886440335003 0.024889214833577474 0.06936193395543981
1 0.41454674402872727 0.32017299510814523 0.01278826395670573 0.05954640706380208
1 0.6691329320271809 0.3509413542570891 0.0282745361328125 0.08960712574146414
1 0.5057000478108724 0.3367891664858218 0.021812311808268228 0.06913856223777488
1 0.3577295969117359 0.4376191337153598 0.12474831155261182 0.15038647015223028
0 0.4587825139363606 0.46371189865408785 0.0170745849609375 0.03082958728394204
1 0.6844305674235025 0.31355528654875575 0.010400835673014324 0.03517667982313368
1 0.6622277157758323 0.3500767246985188 0.02518626396946923 0.0926688155627637
1 0.22932321255007757 0.34845009251141945 0.011227350967264585 0.039919470105829614
1 0.5998257944698092 0.2976829403116143 0.008298476801891113 0.026902251593059142
1 0.8795025728987994 0.42789530525379577 0.01715265866209265 0.09402198081443366
1 0.7460698067726566 0.3255713448223075 0.006656532194030404 0.024456592357326487
1 0.8368205290179376 0.3662008450288337 0.009762913884577956 0.026823359359648365
2 0.17352815969971475 0.37096988053851243 0.012887046327642829 0.031501668800904666
