1 0.06520627737045286 0.7090573287526687 0.1304125547409057 0.5723667827209012
1 0.6653352155625447 0.6671478452755798 0.16019349787970052 0.5174912831901581
1 0.18816375732421875 0.6623583475748699 0.10726484060287475 0.4886150783962674
1 0.5455974842767295 0.5674353598881904 0.11006289308176127 0.5003494060097836
0 0.4724842767295594 0.53529000698812 0.04088050314465411 0.04192872117400409
1 0.5094339622641509 0.7127882599580713 0.1305031446540881 0.5646401118099231
1 0.36045597484276726 0.5849056603773585 0.10141509433962266 0.5045422781271838
1 0.41116352201257866 0.5478686233403215 0.06761006289308177 0.43046820405310965
1 0.1029874213836478 0.7547169811320755 0.17295597484276728 0.47519217330538055
1 0.9261006289308176 0.206848357791754 0.09905660377358487 0.3158630328441649
