1 0.28051802317301433 0.49123829029224536 0.02474168141682943 0.057606082492404516
1 0.060086941719055174 0.49052406593605324 0.023552719751993814 0.05796763102213542
1 0.1170479695002238 0.6940032958984375 0.02491278648376465 0.06724633110894097
1 0.38903840382893873 0.5300413908781829 0.025254249572753906 0.06201584427445024
1 0.5642850240071615 0.704941756637008 0.02796999613444011 0.06939742476851851
1 0.11503227551778158 0.4130798057273582 0.023267928759256998 0.04824054859302662
1 0.5782642364501954 0.8444634331597222 0.026525942484537757 0.0814199376989294
1 0.9520235697428386 0.5375274658203125 0.032498677571614586 0.06578323929398149
1 0.11699883143107098 0.602746073404948 0.025952951113382975 0.06476790816695602
1 0.3327848116556803 0.4506458988896123 0.021241823832194015 0.051591746012369794
0 0.46617755889892576 0.42335066618742767 0.008777300516764322 0.015727290400752315
2 0.11902656555175781 0.5398266827618634 0.022134939829508468 0.05663096110026042
1 0.1827617645263672 0.36693346941912613 0.014860947926839195 0.036542256673177086
