1 0.42508544921875 0.8612288298430266 0.0322933832804362 0.12276317455150464
1 0.5274400393168132 0.649884033203125 0.02518355051676432 0.10624677870008681
1 0.6521987915039062 0.5260013156467014 0.029537264506022134 0.09090338812934026
1 0.5416763305664063 0.40164534957320597 0.028721714019775392 0.06602740817599827
1 0.5322092692057292 0.48552376076027204 0.023638757069905602 0.08573232580114293
1 0.3820519129435222 0.5031611124674479 0.023940626780192056 0.09135869344075521
1 0.5853123982747396 0.9347891348379629 0.030809593200683594 0.128538739239728
1 0.08811729749043781 0.9295643559208622 0.033590261141459146 0.13895274974681712
1 0.20204222997029622 0.6281114366319445 0.02736940383911133 0.11593430130570023
1 0.21231896082560223 0.4172801265010127 0.023532342910766602 0.07547581990559896
1 0.3673917134602865 0.38173426875361693 0.026391887664794923 0.06925571582935475
1 0.7821491241455079 0.3498552110460069 0.021750577290852866 0.07148431848596644
1 0.427558068616185 0.38498542155868337 0.026377503423631887 0.06350204774370415
1 0.4472782135009766 0.5210930718315973 0.03583335876464844 0.09210866292317708
1 0.7659202575683594 0.6349632545753763 0.022842597961425782 0.09985792371961805
1 0.46458867390950526 0.48255728262442127 0.01921567916870117 0.06655900743272569
1 0.007871874173482259 0.4126290215386285 0.015743748346964518 0.08686319986979169
2 0.1665911038716634 0.43196332013165517 0.023756297429402672 0.07713637175383391
1 0.771589724222819 0.5934778284143518 0.023617935180664063 0.08728434244791666
0 0.4163659635661671 0.411980748395056 0.00951884518317101 0.015586413165426057
