0 0.8497819900512696 0.5740233809859664 0.04852803548177084 0.08472561306423611
1 0.14078108469645184 0.41294665866427954 0.03250571886698405 0.14629929154007523
1 0.23451700210571289 0.40558143898292826 0.029640626907348634 0.13996686582212095
1 0.42899955113728844 0.4136990582501447 0.048150952657063796 0.19075113932291668
1 0.852996571858724 0.4155319779007523 0.04203751881917318 0.18131338048864293
1 0.8269429524739584 0.4079630533854167 0.025963147481282547 0.16632766723632814
1 0.7732416788736978 0.39683382952654805 0.018824450174967446 0.10225383617259838
1 0.5904954538405318 0.6203624712013002 0.21543185036137374 0.2655813013232723
1 0.596547048196852 0.5462691354385043 0.2034242318111402 0.5005441789607079
1 0.9315057250688648 0.49754269517942523 0.13698854986226736 0.5669877431510958
1 0.6112421383647799 0.5408805031446536 0.35298742138364764 0.5143256464011177
2 0.6525157232704405 0.4206848357791754 0.03459119496855342 0.15932914046121577
