1 0.41698843360032894 0.4681424667239955 0.02601233242742955 0.10814899938620964
1 0.2693342954433865 0.6329191594593904 0.027600933183786015 0.11859462136380705
1 0.33314700344641496 0.5410971083494903 0.024811017899502637 0.11299999942876778
1 0.5918888036427145 0.6008503249793818 0.02829816816866654 0.11361002179397593
1 0.20523414466040282 0.4020707820347318 0.022306915619180714 0.09646444811939814
1 0.3776050030158127 0.649062354111201 0.024441773453761247 0.11654208001903159
1 0.44736242711415464 0.39037639229462184 0.01956123152255001 0.09954427718050135
1 0.10860042120613199 0.4710306030919058 0.0246941650661801 0.10505304497604309
1 0.5251421379462304 0.5255207182653304 0.024312826854777606 0.11075925065826887
1 0.49984095752281926 0.5043286086978614 0.03063502112596069 0.10973883240463549
1 0.15005115971137142 0.5091489438657382 0.020387447326641894 0.11189710682928816
2 0.00911424954518095 0.4213002314368113 0.0182284990903619 0.1026518524880568
0 0.9331284550116685 0.5755441907008015 0.009937028464380545 0.015089561742207278
