1 0.7049756368001303 0.6324049207899305 0.028441365559895834 0.11100299976490162
1 0.4967888514200846 0.39132594355830436 0.02353954315185547 0.07481582076461227
1 0.4502171834309896 0.45690152203595197 0.022101084391276046 0.08882610179759838
2 0.7350408554077148 0.4734327528211806 0.026702880859375 0.0837108470775463
1 0.6351849238077799 0.6177708378544561 0.03184700012207031 0.11919290048104746
1 0.5132739702860514 0.5417217113353587 0.025659751892089844 0.10153073911313658
1 0.4070775349934896 0.4156170032642506 0.02852780024210612 0.07684964780454283
1 0.37708568572998047 0.48518224645543984 0.02882099151611328 0.09057690655743635
1 0.42992874781290685 0.3953388920536748 0.020399856567382812 0.07264717949761285
1 0.29069821039835614 0.47833438449435767 0.02813943227132161 0.08394402398003473
2 0.8349671681722005 0.2820480629249855 0.01946417490641276 0.058299424913194446
1 0.5533978780110678 0.41326977765118633 0.03137652079264323 0.07978235880533854
1 0.5548193352050509 0.41224006108339156 0.03557497713894029 0.036303911434093054
1 0.566361204515245 0.3924782409697923 0.03028697913954244 0.04730395056299322
1 0.342865497601525 0.38520670125960066 0.02945011213116473 0.02510207426705058
