1 0.451859188079834 0.30299345652262366 0.03388690948486328 0.09452357821994357
1 0.37775344848632814 0.7410614013671875 0.04213111400604248 0.15640767415364584
1 0.2729130506515503 0.36812167697482634 0.033017539978027345 0.08870499928792318
1 0.6291860580444336 0.6318277147081164 0.05576853752136231 0.12259525722927517
1 0.08989331722259522 0.47346293131510414 0.042669647932052614 0.1174295637342665
1 0.6210751533508301 0.40559819539388015 0.03452877998352051 0.12026988135443792
1 0.7087438583374024 0.6948333740234375 0.05066118240356445 0.14655202229817707
1 0.42492198944091797 0.3410220040215386 0.03334331512451172 0.10523058573404948
1 0.5028047561645508 0.46089045206705725 0.04740738868713379 0.11659855312771267
1 0.8126678466796875 0.7175778706868489 0.04843778610229492 0.08593635559082032
1 0.5174628734588623 0.43541420830620653 0.04334726333618164 0.10628632439507378
0 0.3917906617509999 0.759288739952207 0.012002762784126944 0.020745515923182155
2 0.20745325088500977 0.5499308268229167 0.04667462110519409 0.1312607235378689
