1 0.38549372355143224 0.15291578504774306 0.016908772786458335 0.0826207408198604
1 0.901052157084147 0.12447119818793403 0.022367477416992188 0.061662560922128185
1 0.8397411346435547 0.16786880493164064 0.027896944681803384 0.08331365232114439
1 0.7126876831054687 0.14474439267758968 0.020824114481608078 0.07390287893789786
1 0.49631245930989576 0.17233027705439816 0.018715318044026694 0.08876541985405816
1 0.4533602396647135 0.08186057761863426 0.010954125722249347 0.04925947542543765
1 0.6649116516113281 0.08757811652289496 0.01450049082438151 0.05271066029866536
1 0.39886817932128904 0.20166703683358647 0.025186030069986976 0.11044009173357928
1 0.37815586725870765 0.38371963500976564 0.06251462300618489 0.11130862765842015
1 0.6797570042640166 0.20284810042897777 0.033838870690303856 0.14745982534647156
1 0.41615517934163415 0.2569398668077257 0.02848240534464518 0.14476295753761573
2 0.806859334309896 0.13007503085666233 0.01924279530843099 0.06482091833043982
1 0.583032989501952 0.046955819569608294 0.01346594492594397 0.036847988591541196
1 0.6876352945963541 0.06747610304090712 0.014206568400065102 0.04767113791571723
1 0.8721376623087871 0.19119196228053895 0.03502067831630331 0.09842381074075184
1 0.6945098571527814 0.07696804636701358 0.01166159062607328 0.04212606592120955
1 0.8774927775065103 0.1434354852747034 0.02219435373942057 0.07142667417173032
1 0.6731341044108073 0.056354275456181276 0.011062177022298177 0.03596369425455729
0 0.055817610062893076 0.7323549965059399 0.03616352201257861 0.047519217330538197
1 0.4677672955974843 0.2921034241788959 0.03930817610062896 0.12019566736547865
