1 0.519972562789917 0.41661427815755203 0.025416088104248048 0.07961726718478733
2 0.4343878746032715 0.3525068071153429 0.021533727645874023 0.07842837439643012
1 0.20641164779663085 0.5622395409478083 0.022053253650665284 0.0893463134765625
2 0.7262782096862793 0.803196038140191 0.03381667137145996 0.10059373643663194
1 0.41138348579406736 0.5927461412217881 0.024055123329162598 0.08710187276204427
1 0.11249768733978271 0.41511027018229174 0.018349611759185792 0.07801975674099393
1 0.6732226371765136 0.34915406968858503 0.01917233467102051 0.06620296902126736
1 0.5042584896087646 0.29972746107313364 0.018614482879638673 0.069130982293023
1 0.5952004432678223 0.35846032036675346 0.017580032348632812 0.062110879686143664
1 0.5516450881958007 0.3643516540527344 0.01864452362060547 0.07142327626546224
1 0.37591469287872314 0.49407026502821183 0.018405437469482422 0.08098835415310329
1 0.6372170448303223 0.4021425459120009 0.02536320686340332 0.07209014892578125
1 0.3909890174865723 0.519639417860243 0.023583316802978517 0.08422058953179254
1 0.7661422729492188 0.38705639309353296 0.02311739921569824 0.07299071417914496
1 0.580303955078125 0.40718748304578994 0.018805789947509765 0.07633832295735678
1 0.6217352867126464 0.38184492323133684 0.019846343994140626 0.07562158372667101
1 0.5675266265869078 0.3756598959786011 0.01571950912475584 0.0645085567412699
1 0.5989666938781738 0.4268594529893663 0.019719743728637697 0.08418405320909289
1 0.6388023376464844 0.3175196753607856 0.013219213485717774 0.05299705929226346
1 0.5680540084838868 0.39403813236790997 0.01693830490112304 0.07487961278018525
1 0.6278307914733887 0.33044348822699654 0.015806102752685548 0.06039954291449653
1 0.6458420753479003 0.36110393177835204 0.02703127861022948 0.06307825569242864
