1 0.5551724751790365 0.7551401208948205 0.03933588663736979 0.11109449598524306
1 0.3510949452718099 0.36475332754629625 0.029526138305664064 0.08393048886899594
2 0.16965610978334997 0.3834379973234953 0.036073001278840854 0.07598255298755778
1 0.3037499745686849 0.7823311134620949 0.042272694905598956 0.11715867784288195
1 0.4432093302408854 0.3845603660300926 0.03416315714518229 0.07176660608362269
1 0.5802082697550456 0.3569528650354456 0.026865768432617187 0.07647074946650752
1 0.26318682034810387 0.4948206018518518 0.041463692982991546 0.08517001116717303
1 0.1613226890563965 0.2906172010633681 0.03315221468607585 0.06717427571614583
1 0.11341862678527832 0.3006647745768229 0.029845476150512695 0.07550845675998263
1 0.4930141131083171 0.315271646005136 0.022740046183268234 0.0707460191514757
1 0.5298087437947592 0.26977423208731194 0.028062089284261068 0.05920031512225116
1 0.5235053062438965 0.34239078097873266 0.02493877410888672 0.06831405074508101
1 0.13493248621622722 0.40972041377314816 0.02764495213826497 0.08898982295283565
1 0.30399266124858576 0.40545360423900456 0.023903278183706522 0.07625712641963252
0 0.5473255157470703 0.3659296106409144 0.009250704447428386 0.014639819109881366
