1 0.4121350606282552 0.5546089454933449 0.032786051432291664 0.09732694272641783
1 0.32661002477010087 0.6241002965856481 0.03177515665690104 0.08875161630135996
1 0.6735315958658853 0.38341776529947913 0.02653675079345703 0.07507522017867477
1 0.8531358083089193 0.494913171838831 0.029796155293782555 0.08949511492693865
1 0.3826526006062825 0.5908802173755787 0.03163760503133138 0.09565311008029515
1 0.5900922139485677 0.5478668212890626 0.0235321044921875 0.09868124502676505
1 0.6290382385253906 0.7076150399667246 0.026135571797688804 0.10037926567925347
1 0.610156758626302 0.42419131243670427 0.023202896118164062 0.0798198558666088
1 0.8846808115641275 0.6700332076461227 0.024047152201334635 0.09815317789713542
1 0.5552757898966472 0.47427475540726277 0.027541097005208334 0.0881117926703559
2 0.6444413503011067 0.2778000725640191 0.022022883097330734 0.07448018391927083
1 0.7209461212158204 0.31944481178566264 0.02292391459147135 0.07241691306785301
1 0.584457778930664 0.40193899649160875 0.022388776143391922 0.08090119538483796
1 0.6417666117350261 0.342803050853588 0.021585909525553382 0.0689066003870081
1 0.8898871103922527 0.40787929958767366 0.023284085591634116 0.08085397790979457
1 0.015815499424934387 0.5303896303530092 0.0294337530930837 0.09541857684100115
2 0.7448088328043618 0.6438138608579282 0.026689974466959632 0.1000179714626736
1 0.6946945826212566 0.9627712673611112 0.03177960713704427 0.07152777777777777
0 0.8835119510335144 0.43777833363218177 0.007635514665957213 0.012568748421328596
