1 0.810455067952474 0.7414553041811343 0.03362611134847005 0.14004109700520834
1 0.4262550354003906 0.6375591701931423 0.03817415237426758 0.1107929371021412
1 0.2730044682820638 0.4715610928005642 0.03487383524576823 0.0819525259512442
1 0.2561889330546061 0.5907877039026331 0.02746098836263021 0.11634973596643519
1 0.6991514205932617 0.709898093894676 0.02809842427571614 0.13342601634837964
1 0.3422828992207845 0.49647018997757525 0.022544034322102866 0.08818446971752024
2 0.19074854850769044 0.5980528654875579 0.024273554484049484 0.11977855541087963
1 0.5842667897542317 0.575583450882523 0.034902127583821614 0.12154552318431713
1 0.5566200256347656 0.6061798660843462 0.028869819641113282 0.10586943449797453
1 0.45169525146484374 0.5000002260561343 0.019491163889567058 0.09349246554904514
1 0.5476125081380209 0.5680529559100116 0.020769945780436196 0.1045085765697338
1 0.7034952799479167 0.5087422688802083 0.062122472127278644 0.07658064100477431
1 0.4661163647969564 0.5181533813476562 0.026677640279134118 0.09042112562391492
1 0.553829574584961 0.7920151321976273 0.029671541849772134 0.134840167010272
1 0.4825491269429525 0.620542625144676 0.03470420837402344 0.12131782814308449
0 0.6662735849056604 0.48497554157931516 0.008647798742138377 0.01118099231306779
