1 0.5816905339558919 0.6212484854239004 0.027810414632161454 0.1109783031322338
1 0.7919013977050782 0.6184852317527488 0.026831754048665366 0.11540425618489585
1 0.370972728729248 0.5854944299768519 0.026439348856608078 0.10256579363787616
1 0.47013546625773117 0.45411436292860247 0.02414766947428386 0.09906361897786459
1 0.9795678456624348 0.46277776647497104 0.0313714345296224 0.10560514662000868
1 0.6305873870849609 0.44259598343460654 0.024520047505696616 0.09229767410843462
1 0.4015244166056315 0.40483045224790226 0.025757884979248045 0.08677938955801505
1 0.013422758380572003 0.8590575606734664 0.026845516761144005 0.13984137641059027
1 0.6256951014200847 0.37381162290219905 0.023230234781901046 0.08295590436017072
1 0.7429327646891276 0.34091293900101277 0.02486527760823568 0.08877292209201389
1 0.30684385299682615 0.3336900216561777 0.02117811838785807 0.0797271728515625
1 0.3541019121805827 0.2988380997269242 0.020007451375325516 0.07744383635344329
1 0.3679162343343099 0.41474920202184606 0.01881259282430013 0.08044470327871817
2 0.37370106379191076 0.4527956362123842 0.020549774169921875 0.08293725472909433
0 0.7163867314656575 0.3790016739456742 0.008990859985351563 0.014630126953125
2 0.008891260623931885 0.27459589640299475 0.017566935221354166 0.08839406613950378
