1 0.18608929316202802 0.7441823323567708 0.019432210922241212 0.08356334544994214
1 0.0476773738861084 0.43482103700991026 0.016532389322916667 0.06057332356770833
1 0.739144770304362 0.4830624615704571 0.022938092549641922 0.06442769368489583
1 0.24630165100097656 0.30736400462962965 0.014370489120483398 0.04804532086407696
1 0.38394902547200516 0.5497886375144675 0.018390115102132162 0.06721411810980903
1 0.5077880859375 0.45071843465169276 0.017539437611897787 0.058704913104022
1 0.731066385904948 0.42648275869864 0.017466227213541668 0.05603648998119213
1 0.1461707592010498 0.4427343297887731 0.016765817006429037 0.06057380393699363
1 0.35796521504720047 0.35725060922128177 0.01656192143758138 0.04833724410445602
1 0.4281749725341797 0.39076639811197916 0.014431571960449219 0.052097942211009836
1 0.645175552368164 0.6055029975043403 0.020412890116373695 0.07311955204716435
1 0.6392284393310547 0.34359339961299185 0.013894081115722656 0.04798538773148149
1 0.32746817270914713 0.38440642180266205 0.021590995788574218 0.04808383517795138
1 0.7680980682373046 0.3569993478280526 0.014597193400065106 0.04685895001446758
1 0.32598304748535156 0.4436777185510706 0.01746358871459961 0.0583092866120515
1 0.5852995554606119 0.31247406005859374 0.0135104497273763 0.046827895553023725
1 0.19302488962809247 0.4186287208839699 0.019840129216512046 0.05050424646448206
1 0.6586092686385342 0.6048563074182577 0.010921157522478615 0.0713459156177661
2 0.4857581456502279 0.42159590544524017 0.016774495442708332 0.05334772180627893
1 0.4838642756144205 0.32713786937572337 0.013004080454508465 0.03761056970666956
2 0.37317094802856443 0.23775292855721933 0.010212516784667969 0.03111983405219184
1 0.7426301320393881 0.45694557472511577 0.011516125996907552 0.03899027506510417
0 0.3504055998732292 0.3971650366786268 0.006080132048817717 0.007289874084370638
