1 0.6299919764200846 0.11046076880560982 0.05013287862141927 0.18197443926775897
1 0.5338972727457683 0.07333891833270037 0.05938116709391275 0.14667783666540074
1 0.8144137064615886 0.17925559149848092 0.053374608357747405 0.2028835720486111
1 0.326984076829826 0.5978878807638339 0.06710152296150254 0.24832833088169134
1 0.7261088329291195 0.21977245189525454 0.08882529780549865 0.17427866900408703
1 0.4180570602416992 0.24565019960756657 0.05657339096069336 0.1976178769712095
1 0.4590696232873676 0.564181631582755 0.08437308905259626 0.2542163425021697
1 0.6594291962917498 0.3312034095108382 0.06746720368007467 0.23473771773044416
1 0.27209714253743494 0.2013972247088397 0.04183556238810222 0.21199911612051506
1 0.7933725992838541 0.04764180006804289 0.051256752014160155 0.09528360013608578
1 0.8657890367807828 0.2638585819055116 0.03278752332963301 0.2182053574642711
1 0.8359860738118485 0.2994889926443893 0.0698308944702148 0.16203773013367503
1 0.7608810424804676 0.19817108191617464 0.02849686940511066 0.21026343526247085
1 0.5483750301337087 0.32949203928394943 0.06181941122378917 0.24102480959675693
1 0.5603250623499071 0.5392012163611405 0.1026037797987834 0.1977219528955315
1 0.49685534591194963 0.5653389238294898 0.011006289308176136 0.004192872117400413
0 0.8105345911949682 0.7071977638015373 0.02358490566037703 0.047519217330538266
