1 0.37115983963012694 0.5399297078450521 0.03147932688395182 0.1050991482204861
1 0.26124652226765954 0.41056868941695607 0.03573773701985677 0.09371968022099247
1 0.45364856719970703 0.4684523405852141 0.027350203196207682 0.08861476756908275
1 0.298835023244222 0.4681925455729166 0.0365136464436849 0.09303207397460937
1 0.6048721313476562 0.46471345689561633 0.039189847310384114 0.08598966245298033
1 0.531650161743164 0.48516563132957174 0.024509080251057944 0.08902955231843171
1 0.5606882095336914 0.4910979659469039 0.028596242268880204 0.10353481151439524
1 0.3780042012532552 0.39602649830005787 0.027775986989339193 0.07579670658817998
1 0.40266482035319007 0.34375796847873263 0.021238231658935548 0.08042065655743634
1 0.42426102956136064 0.3830926400643808 0.025536855061848954 0.0889664543999566
1 0.6765480453561262 0.4173978106836995 0.026671346028645834 0.062258119936342594
2 0.15722894668579104 0.43412187364366317 0.02391082445780436 0.09603466457790798
1 0.520098876953125 0.3714400679976852 0.02623122533162435 0.0788403828938802
1 0.5374996185302734 0.38169047037760423 0.028735224405924478 0.07173645584671585
0 0.5483828639820847 0.394962820014291 0.007866814200967838 0.012881333194567118
