1 0.7857443491617839 0.4679146095558449 0.02797158559163411 0.09462333961769387
1 0.11268313725789386 0.5564470079210069 0.03241562843322754 0.09837748209635416
1 0.5540088653564453 0.42964059335214116 0.019554773966471355 0.0902274802879051
1 0.23349488576253255 0.4915358366789641 0.023899555206298828 0.0914078606499566
1 0.21547595659891766 0.30787619131582755 0.023075898488362626 0.07041628802264178
1 0.8189441045125325 0.4186631944444445 0.02479248046875 0.08063216032805266
1 0.7220779418945312 0.37977297747576677 0.018973477681477866 0.0810369986074942
1 0.8967263539632162 0.6269259982638888 0.02676563262939453 0.10334060103804976
1 0.5248894055684407 0.6222933168764466 0.028604952494303382 0.09526576289424189
1 0.47977965672810874 0.3312016805013021 0.02152252197265625 0.07580826370804399
1 0.4670982996622721 0.4473324245876736 0.021124935150146483 0.08388875325520834
1 0.35742721557617185 0.3293877495659723 0.021992874145507813 0.06557786729600694
1 0.6756121317545571 0.3049376311125579 0.0160031000773112 0.06850515294958044
1 0.14915167490641276 0.2774897257486979 0.020309289296468094 0.06657240125868055
1 0.6030123392740885 0.2689961186161748 0.016042264302571614 0.0604407133879485
1 0.3461352666219075 0.3017174614800347 0.01423657735188802 0.05961278279622396
2 0.46320997873942055 0.36652012577763315 0.020442962646484375 0.08022203798647282
0 0.22395360991355978 0.3336972448636128 0.010251059578806832 0.015620662215324686
