1 0.22632605234781902 0.8512998792860241 0.035483566919962566 0.11412410029658565
1 0.2383713881174723 0.40822375262225113 0.02747885386149089 0.07621736879701968
1 0.43518536885579423 0.3224398577654803 0.035035928090413414 0.07401950977466724
1 0.6991647084554036 0.21180783024540653 0.021584955851236976 0.061203313756872116
1 0.5879611968994141 0.614845162850839 0.035729535420735675 0.09854894567418981
1 0.7491360982259115 0.2885674370659722 0.020701026916503905 0.06320068924515336
1 0.2562491734822591 0.5397186279296875 0.03702524503072103 0.10198369909215858
1 0.3534585316975911 0.4486122413917824 0.022997474670410155 0.09142501265914352
1 0.7613760630289712 0.4140546728063513 0.020845413208007812 0.08298057273582175
1 0.8275218327840169 0.26059739854600694 0.02038637797037761 0.06690912599916811
1 0.6967052459716797 0.3821013556586372 0.02111682891845703 0.07205041956018518
1 0.5865196228027343 0.22242594118471498 0.0199466069539388 0.060544134069372105
1 0.595254389444987 0.2985497368706597 0.021352005004882813 0.06523321646231192
2 0.40354347229003906 0.42046000162760416 0.01982870101928711 0.08425516199182581
1 0.26433089574178065 0.2698072927969474 0.019186989466349284 0.0705163319905599
1 0.8289432525634766 0.4877904821325231 0.025043551127115884 0.08866709956416377
1 0.29016125996907555 0.22314242610224974 0.01774450937906901 0.061328548855251734
1 0.9662596384684243 0.3477214106807002 0.020397186279296875 0.07921902691876447
1 0.9591587702433267 0.2570745962637442 0.017494583129882814 0.07219072977701822
2 0.26927321751912436 0.1955559765851056 0.02020200093587239 0.06212777031792535
0 0.6945260591502145 0.23606810601783373 0.006345894024975535 0.011281589377734456
