1 0.6891868591308594 0.5887278238932292 0.0382724126180013 0.11192361337167245
1 0.291975466410319 0.7151246247468169 0.0445082982381185 0.10057813856336806
1 0.5010695775349935 0.7585462782118054 0.028526719411214194 0.11469850893373841
1 0.28284743626912434 0.29283455742730036 0.028132756551106766 0.09276383011429398
2 0.801983133951823 0.4499338220666956 0.02508977254231771 0.10225796169704861
1 0.4468445460001628 0.46149269386574077 0.027435461680094406 0.10038048073097512
1 0.5556823730468751 0.40245440447771996 0.02885691324869792 0.09486654776114005
1 0.49361279805501307 0.2772709881817853 0.024166742960611984 0.08700721175582321
1 0.8406941095987956 0.40602196587456596 0.02389780680338542 0.098288415979456
1 0.5624149322509766 0.2779937461570457 0.024912643432617187 0.08531177662037039
1 0.5138432820638021 0.21030745329680264 0.020081297556559245 0.07937292876066986
1 0.6028106689453124 0.3113901491518374 0.020909436543782554 0.08419223361545139
1 0.7230522155761717 0.47792143645109947 0.024191919962565103 0.10074547661675347
1 0.4767773310343425 0.7295303909866898 0.034228515625 0.11897769504123264
1 0.4663875261942546 0.21938521773726852 0.016771507263183594 0.0838748084174262
1 0.6751272201538088 0.1542923397488064 0.01732037862141927 0.07632711905020255
1 0.5501939137776692 0.19004751134801792 0.021123059590657554 0.07811766730414496
1 0.2534962177276611 0.7108448169849537 0.042954540252685545 0.1173836036964699
2 0.48562736511230464 0.028947711873937538 0.01568625768025716 0.057895423747875076
0 0.23894731732504426 0.7603963979082701 0.01610880790955356 0.015273536388317552
