2 0.6173449198404948 0.4609006528501158 0.022628593444824218 0.09700102629484954
1 0.6167973836263021 0.3789302119502315 0.023909568786621094 0.06715845178674769
1 0.693352762858073 0.4030912893789786 0.020801989237467445 0.07647563793041089
1 0.32179673512776696 0.6447513156467014 0.02878262201944987 0.13672734013310187
1 0.4298710823059082 0.6912302652994792 0.0335845947265625 0.14014819109881366
1 0.5070528666178385 0.5060405589916088 0.027479267120361327 0.10618517840350115
1 0.3863379796346028 0.4983756736472802 0.02400039037068685 0.10194792570891203
1 0.8824541091918947 0.43097517225477433 0.021207555135091146 0.09312382450810185
1 0.6735679626464843 0.36267016375506367 0.01729418436686198 0.07214558919270833
1 0.4435696919759115 0.3603872511121962 0.020650863647460938 0.058103208188657406
1 0.5636506954657563 0.40310485274703384 0.03460841182320626 0.08345964219835068
1 0.48617738087972007 0.3587066650390625 0.01963520050048828 0.05069461398654514
1 0.4225188573201497 0.41116982919198497 0.024094804128011068 0.06515531186704282
1 0.6497203826904296 0.575908124005353 0.02610015869140625 0.11151609067563656
1 0.3710353215535482 0.5419268007631655 0.025427913665771483 0.10793140552662037
1 0.37300217946370445 0.3926167240849248 0.016671085357666017 0.07002334594726563
1 0.5557829580706755 0.39036119249131757 0.021588005081145847 0.07040515475802941
1 0.9928228378295898 0.41434077510127315 0.014354324340820313 0.09544231273509839
1 0.386046028137207 0.3972832573784722 0.014915911356608073 0.06662560922128183
1 0.6335398356119792 0.6004061098451968 0.02768878936767578 0.11045328776041669
2 0.3591019948323568 0.3199929696542246 0.017867469787597658 0.06318387632016782
0 0.5435218909059202 0.4164431732672436 0.0058171309881020015 0.00942907506568083
