1 0.7544531504313151 0.5153354786060474 0.038046073913574216 0.1077648021556713
1 0.33501625061035156 0.3226644727918837 0.028524303436279298 0.09264232494212964
1 0.2503211180369059 0.310725176775897 0.03235540390014648 0.07863314593279803
1 0.4813084920247395 0.5845960828993055 0.03290834426879883 0.1102720472547743
1 0.3212366739908854 0.6625479239004629 0.03366397221883138 0.1267492788809317
1 0.7723129272460938 0.3287282307942709 0.02821063995361328 0.09064020227502895
1 0.4540380160013835 0.29069897686993634 0.025870005289713546 0.084533041494864
1 0.8955012639363608 0.46339289347330725 0.028043492635091146 0.10687453658492477
1 0.6427049001057942 0.3970054626464844 0.02223688761393229 0.09244396068431714
2 0.38067255020141594 0.4048722443757234 0.025785001118977868 0.10311174745912906
1 0.37779420216878257 0.2645473904079861 0.0259674072265625 0.06788643731011285
1 0.9182634989420574 0.4981635199652778 0.02588399251302083 0.1059722900390625
1 0.869339179992676 0.5673112657335069 0.025266393025716146 0.10873627839265046
1 0.48367722829182946 0.2600380226417824 0.02427651087443034 0.06890388771339699
1 0.7043965657552083 0.35139699865270546 0.023627535502115885 0.08896343089916088
1 0.5213645935058594 0.2567787452980324 0.024658171335856117 0.06551444442183883
1 0.0442965030670166 0.26225998489945024 0.018502724170684815 0.07791852597837094
1 0.500261942545573 0.25527547200520834 0.019956588745117188 0.07277297973632812
