1 0.12640755971272785 0.35509767885561344 0.03086667855580648 0.0774068761754919
1 0.08217293421427409 0.7198955394603588 0.03391178448994955 0.11523047553168403
1 0.18496650060017905 0.444018046061198 0.02935274442036946 0.09758360120985243
1 0.8802715301513672 0.678495506004051 0.035632896423339847 0.1144184253833912
1 0.786440340677897 0.7105748494466146 0.030162684122721353 0.11880142777054398
1 0.6359382629394532 0.6954292579933449 0.02929464975992839 0.11295442934389467
1 0.05831969579060873 0.5961043746383102 0.027236624558766683 0.11313600893373843
1 0.6992508570353191 0.5248944317853009 0.034685770670572914 0.099799883807147
1 0.3347106297810873 0.44223423710575815 0.024829006195068358 0.08922432793511284
1 0.3837104797363281 0.5845369692201967 0.024703152974446616 0.0990447998046875
1 0.4935587943188547 0.32062571297958853 0.021286690352792795 0.06591066255693111
1 0.5664955525707964 0.330459768114538 0.018062146694514215 0.07179054830524165
1 0.3967060724894205 0.5328744958948206 0.021204471588134766 0.09264289008246526
2 0.3975280761718751 0.41329635417886507 0.02503016789754231 0.08191276672184176
1 0.5310284357813481 0.3213450128978389 0.01936425071964503 0.06254482883955174
1 0.5389956792195659 0.3125695062428518 0.02732381820678722 0.06139414961135424
0 0.5542867359970921 0.33754311362304584 0.0062215304685574865 0.00967793628442276
