1 0.0860772450764974 0.8733250935872395 0.034409340222676596 0.1351947925708912
1 0.827979024251302 0.5687516389069733 0.029969724019368493 0.10249780725549769
1 0.6171578725179037 0.5981749358000578 0.028157361348470054 0.1141651294849537
1 0.20131616592407225 0.467992514151114 0.025450547536214188 0.09415334065755208
2 0.24435361226399743 0.5972572609230324 0.031171210606892905 0.11198724817346645
1 0.16369187037150063 0.5489934285481771 0.027252562840779624 0.10397056297019676
1 0.6675029118855794 0.5015407420970776 0.023609034220377603 0.09746839735243056
1 0.07500900427500407 0.4564452277289497 0.033093595504760744 0.1067087244104456
1 0.7596797943115235 0.5489870989764178 0.02938588460286458 0.09353309913917825
1 0.48497136433919275 0.44174078482168694 0.031506856282552086 0.08519733570240164
1 0.18574900627136232 0.563456047905816 0.024144299825032554 0.10638043438946759
1 0.5182256698608397 0.42589348687065964 0.020781612396240233 0.08941500628436053
1 0.8715513865152995 0.5586400915075231 0.025663121541341146 0.09331252486617476
1 0.7390854517618816 0.5793646918402777 0.02604840596516927 0.10767488832826967
1 0.5382218678792318 0.49847496880425346 0.031054560343424478 0.08745639942310475
1 0.5170043309529624 0.49722939950448497 0.02842861811319987 0.07450620863172742
1 0.7427387237548828 0.5100852683738426 0.021352767944335938 0.08699315388997396
0 0.7990782419840495 0.5143700493706597 0.009777386983235678 0.018676475242332177
1 0.7360880377556682 0.4768585621871448 0.04160750759955036 0.04744307765300638
1 0.7255233107337498 0.5172400258936775 0.02831245026527583 0.0529366886186002
