1 0.7013519287109375 0.5532659459997107 0.024071566263834634 0.1062956068250868
1 0.7829582214355468 0.5758356165002894 0.0552276611328125 0.15968226680049188
1 0.563617197672526 0.5468643753616899 0.016016832987467446 0.07533162434895833
1 0.3452552159627279 0.5475284717701099 0.02371664047241211 0.10290391710069445
2 0.15733502705891927 0.5466670283564814 0.021541643142700195 0.1010732580114294
1 0.23225173950195313 0.5613103795934606 0.04820966720581055 0.23714661774811924
1 0.5884433962264152 0.5408805031446541 0.0165094339622641 0.06149545772187281
1 0.44536163522012573 0.636617749825297 0.205188679245283 0.7141858839972046
1 0.20794025157232707 0.5590496156533891 0.030660377358490584 0.15094339622641506
1 0.18985849056603776 0.5394828791055206 0.03380503144654089 0.14814814814814808
