1 0.9386161804199219 0.6909777605975116 0.0329742431640625 0.0760355066370081
1 0.803018315633138 0.7754816125940392 0.032867431640625 0.09061251039858216
1 0.4701949119567871 0.5025889078776041 0.026952743530273438 0.06627683286313657
1 0.2352713902791341 0.5087126555266204 0.018205849329630534 0.06276177300347222
1 0.7374196370442708 0.6204950403284143 0.026662572224934896 0.06892208523220486
1 0.14261995951334636 0.44307019269024883 0.022692155838012696 0.05477501198097512
1 0.5570289611816406 0.5793729428891783 0.027609825134277344 0.06619731761791088
2 0.5577843983968099 0.44154216625072334 0.02302837371826172 0.05778805768048321
1 0.3088382085164388 0.43141541657624416 0.018004957834879556 0.05782609162507233
1 0.5382951736450196 0.3946717721444589 0.016899522145589194 0.051790421097366895
1 0.44472872416178383 0.373328936541522 0.015195846557617188 0.05275774355287905
1 0.668402099609375 0.34984452989366316 0.016723442077636718 0.047644184253833904
1 0.795858891805013 0.37349079273365166 0.015902392069498696 0.04888670179578993
1 0.7872933069864909 0.34196808426468456 0.013263066609700523 0.04783268681278935
1 0.9661451975504558 0.4959907814308449 0.026088523864746093 0.06223297119140625
2 0.5151123364766439 0.23767259385850698 0.013699213663736977 0.04135583948206018
1 0.9837592442830403 0.49215037027994796 0.02738126118977864 0.06688379358362269
1 0.989699681599935 0.38052345558449074 0.01909974416097005 0.047634463840060766
0 0.22759433962264153 0.4500349406009784 0.011792452830188687 0.013976240391334755
