1 0.30662788144909064 0.6249998034476008 0.09369564430380702 0.3830122591017841
1 0.9160095792828177 0.6094546663693733 0.08117130196660265 0.4438925480707781
1 0.15316024892598729 0.7275063499866056 0.15493174141785168 0.5449873000267889
1 0.4947772788845433 0.6188020451311143 0.10039127247024107 0.4460619112687677
1 0.715805344993282 0.6866763266695556 0.13827725514607686 0.43997649230433633
1 0.9808916568483431 0.6304157129850799 0.03821668630330607 0.43572197059809187
1 0.7719244625992339 0.5180335464899215 0.1996258833259791 0.4110194674502121
1 0.48947468318195186 0.7152602390483875 0.10313646559613227 0.3527677232402393
1 0.04574042309891366 0.6664760815704213 0.09148084619782731 0.41039324058191995
1 0.17831618067467145 0.6474175719458732 0.0621783876500854 0.45867479829743935
1 0.865994854202401 0.6709230671494822 0.10220125786163571 0.39133473095737226
1 0.7559319611206401 0.478432119941554 0.11363636363636365 0.1740677212375326
