1 0.9584417978922527 0.8039606165002894 0.06184406280517578 0.24560512966579862
1 0.7134930928548177 0.5250005651403356 0.03096771240234375 0.15200568305121528
1 0.6992494583129882 0.3889897946958188 0.0295928955078125 0.10619552047164352
1 0.6532332102457681 0.5640924524377894 0.03771896362304687 0.17571230287905093
1 0.9798488616943359 0.4316869382505063 0.040302276611328125 0.12925025092230902
1 0.4657578786214193 0.4863001505533855 0.03412160873413086 0.15621374624746817
1 0.10571651458740235 0.5539710150824653 0.041679883003234865 0.1748201158311632
1 0.3562904357910156 0.5468283194082754 0.03642123540242513 0.16196204291449653
2 0.9026939979889108 0.3655904981825087 0.03828785254520422 0.09953099003544556
1 0.6244752248128256 0.49161976001880786 0.05102405548095703 0.14203954626012733
1 0.42870276769002275 0.5007663868091725 0.02781505584716797 0.15270597669813368
1 0.15393551190694174 0.5638649834526909 0.057798457145690915 0.05495503743489583
1 0.11981757949254696 0.5508404353926506 0.029288741653733706 0.08047007807894517
