1 0.8465147654215496 0.41095790156611683 0.02575791676839193 0.09701388323748553
1 0.7631945292154948 0.6123154251663773 0.03297138214111328 0.12493009214048033
1 0.8155192693074546 0.4911638047960069 0.02622731526692708 0.10718886763961227
1 0.3398757298787434 0.42968956276222514 0.027465279897054037 0.09811813919632523
1 0.4588949203491211 0.41762407090928816 0.02862971623738607 0.09617154156720197
1 0.6471627553304036 0.5472881175853588 0.027506701151529946 0.12077840169270831
1 0.10650501251220704 0.64931069833261 0.03470180829366048 0.1313007496021412
1 0.7230634053548176 0.3041356404622396 0.02738997141520182 0.08850145693178531
1 0.23274122873942057 0.5440777813946759 0.026705535252889 0.1128225255895544
1 0.02258753776550293 0.8015353732638889 0.04396747748057048 0.17322076868127895
1 0.6158236185709636 0.3394896895797164 0.025420188903808594 0.07826515480324074
1 0.4859090504445872 0.3648626822012442 0.020753584741498007 0.0851846483018663
1 0.2691263516743978 0.3333297164351851 0.026004346211751305 0.0767012702094184
1 0.8159583911323312 0.26430875990125857 0.014185073916650215 0.06732375533492467
1 0.37432401620663447 0.5441715979295935 0.024370651198585964 0.11754670967573802
1 0.520512040456136 0.35680587203414355 0.029080899556477868 0.08783176563404224
2 0.7639532725016277 0.4637452867296007 0.023184776306152344 0.10965508355034723
2 0.8607337410843257 0.19749465003598551 0.01264741905612584 0.06502782291220519
0 0.5013021627693045 0.3471887439529661 0.008015869627933794 0.013805108803663231
1 0.5126450737399683 0.3714879867732213 0.023000080466513462 0.06275049456210566
